building1
pose -7.98689 21.0586 1.49963 0 0 -1.45888  size 10.1808 14.6754 3.25373

building2
pose -19.6852 22.5414 1.49963 0 0 -3.03841 size 7.91989 10.6273 3.253725

building3
pose -19.348 6.41516 1.49963 0 -0 3.13866 size 10.548 18.4984 3.25372

building4
pose -17.8383 -6.36535 1.49963 0 0 -3.11935 size 7.45895 6.00412 3.25372

building5
pose 9.24971 6.97835 1.49963 0 -0 3.13866 size 10.548 20.7202 3.25372

building6
pose 10.2893 -21.6545 1.49963 0 -0 3.13866 size 4.42956 17.6958 3.25372

building7
pose 18.3548 -24.6728 1.49963 0 -0 3.13866 size 4.42956 15.1199 3.25372

building8
pose 22.7253 -30.0246 1.49963 0 -0 3.13866 size 4.42956 4.35235 3.25372

building9
pose 22.2957 -13.547 1.49963 0 -0 3.13866 size 5.42829 4.94263 3.25372

building10
pose 14.376 -22.164 1.49963 0 -0 3.13866 size 3.7274 4.424 3.25372

building11
pose -0.368718 0.229585 1.49963 0 -0 3.13866 size 5.66527 10.6619 11.9699

building12
pose 10.4967 -11.6365 1.51837 0 -0 3.13866 size 2.00672 2.22779 3.25372

building13
pose 10.4796 -31.7126 1.51837 0 -0 3.13866 size 2.00672 2.22779 3.25372

building14
pose 3.192060 -0.090947 1.518370 0 0 3.138661 size 1.22134 6.3418 3.25372

building15
pose 6.152240 -24.881200 1.518370 0 0 3.138661 size 3.78674 8.12548 3.25372
