building 1
(-0.126585027793863,16.8195412372661)
(-1.26360571382314,26.9366491540346)
(-15.8471949722061,25.2976587627339)
(-14.7101742861769,15.1805508459654)

building 2
(-23.0767794626376,16.8481382394501)
(-15.1990122585185,17.6638842108194)
(-16.2936205373624,28.2346617605499)
(-24.1713877414815,27.4189157891806)

building 3
(-24.6491019813129,-2.8185334334924)
(-14.101147340091,-2.84946701921701)
(-14.0468980186871,15.6488534334924)
(-24.594852659909,15.679787019217)

building 4
(-21.5000842110591,-9.44961399824389)
(-14.0429792391866,-9.28372083691639)
(-14.1765157889409,-3.28108600175611)
(-21.6336207608134,-3.44697916308361)

building 5
(3.94535013848411,-3.36623865637194)
(14.493304779706,-3.39717224209654)
(14.5540698615159,17.3229386563719)
(4.00611522029401,17.3538722420965)

building 6
(8.04858173555005,-30.4958667788278)
(12.4781226874434,-30.5088571252425)
(12.53001826445,-12.8131332211722)
(8.10047731255663,-12.8001428747575)

building 7
(16.1178588413269,-32.2262223173032)
(20.5473997932202,-32.2392126637179)
(20.5917411586731,-17.1193776826968)
(16.1622002067798,-17.1063873362821)

building 8
(20.5041475657755,-32.1942704687495)
(24.9336885176689,-32.2072608151642)
(24.9464524342245,-27.8549295312505)
(20.5169114823311,-27.8419391848358)

building 9
(19.5743191710178,-16.0103447371203)
(25.002585828147,-16.0262640084564)
(25.0170808289822,-11.0836552628797)
(19.588814171853,-11.0677359915436)

building 10
(12.5058209938881,-24.3705249092404)
(16.2332049652278,-24.3814560665622)
(16.2461790061119,-19.9574750907596)
(12.5187950347722,-19.9465439334378)

building 11
(-3.2169746262757,-5.0930349504193)
(2.44827101178602,-5.1096492010069)
(2.4795386262757,5.5522049504193)
(-3.18570701178602,5.5688192010069)

building 12
(9.49007765118628,-12.7474477069123)
(11.4967890218379,-12.7533327130884)
(11.5033223488137,-10.5255522930877)
(9.49661097816215,-10.5196672869116)

building 13
(9.47297765118628,-32.8235477069123)
(11.4796890218379,-32.8294327130884)
(11.4862223488137,-30.6016522930877)
(9.47951097816214,-30.5957672869116)

building 14
(2.57209348808029,-3.26004248341449)
(3.79342823604293,-3.26362424541571)
(3.81202651191971,3.07814848341449)
(2.59069176395707,3.08173024541571)

building 15
(4.24696354995098,-28.9383699389339)
(8.03368726611524,-28.9494751196702)
(8.05751645004902,-20.8240300610661)
(4.27079273388476,-20.8129248803298)
