1 -1 0 1 0
1 -0.9999999390776985 3.7926230156415386e-08 1 0
1 -0.9999999204810953 3.797700010021998e-08 1 0
1 -0.9999999018846821 3.802776953054643e-08 1 0
1 -0.9999998832884581 3.807853843351694e-08 1 0
1 -0.9999998646924226 3.812930683688709e-08 1 0
1 -0.9999998460965749 3.81800747129013e-08 1 0
1 -0.9999998275009139 3.8230842089315153e-08 1 0
1 -0.9999998089054392 3.828160898000643e-08 1 0
1 -0.9999997903101498 3.833237523231947e-08 1 0
1 -0.9999997717150451 3.83831410405433e-08 1 0
1 -0.9999997531201242 3.8433906446311283e-08 1 0
1 -0.9999997345253865 3.8484671283089966e-08 1 0
1 -0.9999997159308313 3.8535435634146076e-08 1 0
1 -0.9999996973364577 3.858619952723519e-08 1 0
1 -0.9999996787422649 3.863696286521279e-08 1 0
1 -0.9999996601482525 3.8687725703590026e-08 1 0
1 -0.9999996415544192 3.873848813951142e-08 1 0
1 -0.9999996229607648 3.8789250034199085e-08 1 0
1 -0.9999996043672883 3.884001142928639e-08 1 0
1 -0.9999995857739891 3.88907723664067e-08 1 0
1 -0.9999995671808664 3.894153287331559e-08 1 0
1 -0.9999995485879194 3.899229282511296e-08 1 0
1 -0.9999995299951479 3.90430523605767e-08 1 0
1 -0.9999995114025505 3.909381135480672e-08 1 0
1 -0.9999994928101268 3.914456994658089e-08 1 0
1 -0.999999474217876 3.9195328149777e-08 1 0
1 -0.9999994556257976 3.924608575622823e-08 1 0
1 -0.9999994370338907 3.929684296022362e-08 1 0
1 -0.9999994184421547 3.934759965074086e-08 1 0
1 -0.9999993998505888 3.9398355924924466e-08 1 0
1 -0.9999993812591924 3.9449111671752135e-08 1 0
1 -0.9999993626679649 3.949986689122387e-08 1 0
1 -0.9999993440769055 3.955062186089542e-08 1 0
1 -0.9999993254860134 3.960137619218873e-08 1 0
1 -0.9999993068952882 3.96521302320485e-08 1 0
1 -0.9999992883047288 3.9702883716796755e-08 1 0
1 -0.999999269714335 3.9753636799089165e-08 1 0
1 -0.9999992511241057 3.9804389492803516e-08 1 0
1 -0.9999992325340407 3.985514164528414e-08 1 0
1 -0.600426477198944 -0.02149914190578242 1 0
1 -0.10070226860606435 -0.038097045737241375 1 0
1 0.3387775140647926 -0.0580541449508134 1 0
1 0.3394045392653817 -0.0585237846706579 1 0
1 0.3394049231934879 -0.05852374976293237 1 0
1 0.3394052126344287 -0.05852372330767999 1 0
1 0.3394054311320833 -0.05852370284726091 1 0
1 0.33940559627548383 -0.058523686887134704 1 0
1 0.33940572129040114 -0.058523674310538024 1 0
1 0.3394058161231006 -0.05852366427792523 1 0
1 0.3394056325118697 -0.05852460720209915 1 0
1 0.3394055813720205 -0.05852489584826334 1 0
1 0.33940568132697546 -0.05852428363974213 1 0
1 0.3394057428020216 -0.05852428376120798 1 0
1 0.3328012558981275 -0.05145517646181018 1 0
1 0.33281477170752605 -0.05733139505197791 1 0
1 0.3362058508263226 -0.0557276877869361 1 0
1 0.33620500499682704 -0.05572753934498581 1 0
1 0.33620465655044396 -0.05572757055796299 1 0
1 0.3362051855752033 -0.055727697926972124 1 0
1 0.3362051902350416 -0.055727651667418006 1 0
1 0.3362051951323435 -0.05572760452989352 1 0
1 0.40426344562512817 0.3755811435199563 1 0
1 0.46875490388910523 0.8714044860032664 1 0
1 0.5332478545833208 1.3672276317458714 1 0
1 0.5977393248608986 1.863050922699893 1 0
1 0.6622327629464448 2.3588740841597438 1 0
1 0.7267254310184879 2.8546973064079597 1 0
1 0.7405668220500572 2.978852674217584 1 0
1 0.7405659975084513 2.978852821518923 1 0
1 0.7405653056082087 2.978852929630868 1 0
1 0.7405649270911658 2.9788530114903367 1 0
1 0.7405653379612269 2.9788527833623544 1 0
1 0.7405653418279647 2.978852827655842 1 0
1 0.7405653470987914 2.978852877322284 1 0
1 0.7405653523696072 2.9788529269059096 1 0
1 0.7405653576248976 2.978852976344523 1 0
1 0.7405653628645588 2.978853025638041 1 0
1 0.7405653680886528 2.978853074787047 1 0
1 0.7405653732972415 2.978853123792127 1 0
1 0.7405653784903894 2.978853172653868 1 0
1 0.7405693682889065 2.9788082323530167 1 0
1 0.7319807536631546 2.9722673461854074 1 0
1 0.7404566801353842 2.9722671426123046 1 0
1 0.7404528520025488 2.9775465099709386 1 0
1 0.7392857245129154 2.9893630440772316 1 0
1 0.7392856823831915 2.9893630300972704 1 0
1 0.739285637676121 2.989363015913826 1 0
1 0.7392855929880728 2.9893630017410557 1 0
1 0.31979363725739485 2.85726283757281 1 0
1 -0.16029184733955426 2.717556285596067 1 0
1 -0.6403775353278962 2.577849799942091 1 0
1 -1.1204627534702234 2.438142683783391 1 0
1 -1.6005483878737792 2.2984361001070783 1 0
1 -2.0806336308143827 2.158728971576265 1 0
1 -2.560719203371389 2.019022281994077 1 0
1 -3.040804481319883 1.8793151570211757 1 0
1 -3.5208899849564066 1.739608353584912 1 0
1 -4.000975305486572 1.5999012449795873 1 0
1 -4.481060735811286 1.4601943225988303 1 0
1 -4.961146103562017 1.320487239739569 1 0
1 -5.2124785860504295 1.2700971839047897 1 0
1 -5.212478700928715 1.2700970111387202 1 0
1 -5.212478694657946 1.2700961696009345 1 0
1 -5.212479119572797 1.2700956936603145 1 0
1 -5.212479646440261 1.2700959828603495 1 0
1 -5.212479645891351 1.2700959825019125 1 0
1 -5.212479647635254 1.2700959818346007 1 0
1 -5.208228359704003 1.269624500068717 1 0
1 -5.2082148761328115 1.2704820458456807 1 0
1 -5.214922241495621 1.2704779549125447 1 0
1 -5.259072004355967 1.2704760690023171 1 0
1 -5.262268545288144 1.2699745060855068 1 0
1 -5.261037385624047 1.255261901111527 1 0
1 -5.261037929032903 1.2552635973889468 1 0
1 -5.2610378896419885 1.2552636087286304 1 0
1 -5.261037849900216 1.2552636200910372 1 0
1 -5.261037810187362 1.2552636314445234 1 0
1 -5.26103777050677 1.2552636427888282 1 0
1 -5.26103773085836 1.2552636541239828 1 0
1 -5.261037691242012 1.2552636654500198 1 0
1 -4.877658737466641 1.3642651601665643 1 0
1 -4.3938102042268135 1.4903244893906882 1 0
1 -3.9099610978006423 1.616381395743333 1 0
1 -3.426112662478763 1.7424410167885003 1 0
1 -2.9422640367483694 1.8684987880136879 1 0
1 -2.458415378087106 1.9945571938507498 1 0
1 -1.9745666551288523 2.1206146705418405 1 0
1 -1.490718048602409 2.2466724544578067 1 0
1 -1.4154181699562094 2.2455033085322906 1 0
1 -1.4154182193606615 2.2455044695104944 1 0
1 -1.4154181209876642 2.2455047982997987 1 0
1 -1.4154180311729325 2.245505077640682 1 0
1 -1.4154179471027066 2.2455053166826575 1 0
1 -1.4079274789193996 2.269204009669487 1 0
1 -1.4078920954734748 2.274799608053797 1 0
1 -1.404092203017274 2.2748004290511705 1 0
1 -1.4042234672915292 2.2758588913463953 1 0
1 -1.4042231033031694 2.2758589631246764 1 0
1 -1.5154283822660108 1.9465436471458637 1 0
1 -1.6500684079735453 1.4650128107262619 1 0
1 -1.7847090408896915 0.9834818863172552 1 0
1 -1.9193491288074738 0.5019510951480198 1 0
1 -2.053989947387978 0.020420195383071556 1 0
1 -2.1886300806807473 -0.4611105579855798 1 0
1 -2.256028729783031 -0.7337392674344653 1 0
1 -2.256028440519196 -0.7337393559074349 1 0
1 -2.2560282217792214 -0.7337394235792447 1 0
1 -2.256028037416658 -0.733739479261366 1 0
1 -2.2560277825682302 -0.7337391439665345 1 0
1 -2.2464330817785783 -0.7286889132747856 1 0
1 -2.2627150722418654 -0.7286843974905131 1 0
1 -2.262713665271336 -0.7304160464271766 1 0
1 -2.2617106753574827 -0.748307284547884 1 0
1 -2.2427054123688706 -0.7346163114495623 1 0
1 -1.7898396699724393 -0.5789261597295277 1 0
1 -1.315771882642633 -0.41999276073116354 1 0
1 -0.8417043275884937 -0.261058999462728 1 0
1 -0.3676366027997171 -0.10212553932732277 1 0
1 0.10643103084299299 0.056808116431846835 1 0
1 0.580498688429401 0.21574164698228154 1 0
1 1.0545664019574326 0.37467519364108326 1 0
1 1.460510959205954 0.48947541996405974 1 0
1 1.4618197198051681 0.48777283415761025 1 0
1 1.46181980699417 0.4877731067559042 1 0
1 1.4618205136688984 0.4877735315564732 1 0
1 1.4585955767103718 0.4887595670537494 1 0
1 1.458919308509985 0.4874892802507249 1 0
1 1.4734966539628278 0.4874950312954437 1 0
1 1.5126378245392118 0.48749144772922576 1 0
1 1.5124127043570406 0.4875827607126749 1 0
1 1.5124126129928532 0.48758238425925243 1 0
1 1.2929194448783634 0.6800513059803402 1 0
1 0.909956706784625 1.0015158082463254 1 0
1 0.5269942911243222 1.3229810354205418 1 0
1 0.14403163469597557 1.644445701699702 1 0
1 -0.23893078974593318 1.9659108696205205 1 0
1 -0.6218934117305053 2.2873756282345714 1 0
1 -1.0048558505299245 2.6088407249967682 1 0
1 -1.3878184329049719 2.930305585885916 1 0
1 -1.7707808900451432 3.2517706043620063 1 0
1 -2.15374342901345 3.5732355729849 1 0
1 -2.53670590691745 3.894700510782146 1 0
1 -2.919668400281658 4.21616558781009 1 0
1 -3.3026308996651896 4.537630447420968 1 0
1 -3.6855933469292763 4.859095628713822 1 0
1 -4.0685558667261645 5.1805604174441315 1 0
1 -4.451518269125257 5.502025694246876 1 0
1 -4.8344808065493625 5.823490423802881 1 0
1 -5.217443166941342 6.1449557832750665 1 0
1 -5.485955200180784 6.3702984150950925 1 0
1 -5.484327465896391 6.36899798097824 1 0
1 -5.484327469428423 6.36899798382435 1 0
1 -5.484327472826393 6.368997986497051 1 0
1 -5.484327476222821 6.368997989168159 1 0
1 -5.482673004821622 6.361653477869949 1 0
1 -5.4826781472120505 6.352141837772864 1 0
1 -5.482678988651649 6.380462214902752 1 0
1 -5.483831933252181 6.380559152813417 1 0
1 -5.507506898962659 6.380553559963117 1 0
1 -5.509095685161583 6.379857763000957 1 0
1 -5.509095662982812 6.3798577155038885 1 0
1 -5.3786206843994995 6.1059135829875375 1 0
1 -5.179451783015913 5.647294119911536 1 0
1 -4.9802828054294555 5.188674793628993 1 0
1 -4.781113950887038 4.730055278836678 1 0
1 -4.581944922873849 4.271436007194102 1 0
1 -4.382776128665164 3.812816435748576 1 0
1 -4.183607055925755 3.3541972115441574 1 0
1 -3.9844383158223233 2.8955775916061275 1 0
1 -3.785269206658886 2.436958405063553 1 0
1 -3.586100511875115 1.9783387472217817 1 0
1 -3.3869313767399776 1.5197195865448345 1 0
1 -3.24359739966783 1.1413921391913031 1 0
1 -3.2456196600038756 1.1420491914997102 1 0
1 -3.2456196489183324 1.1420491687434866 1 0
1 -3.245619637872714 1.1420491462072435 1 0
1 -3.2456196268260498 1.1420491236698371 1 0
1 -3.2456196157780406 1.142049101129684 1 0
1 -3.245619604728689 1.14204907858678 1 0
1 -3.245619593677997 1.1420490560411327 1 0
1 -3.2456195826259693 1.1420490334927487 1 0
1 -3.2456195715726093 1.1420490109416348 1 0
1 -3.2456195605179197 1.1420489883877998 1 0
1 -3.245619549461905 1.1420489658312494 1 0
1 -3.2456195384045676 1.1420489432719911 1 0
1 -3.245619527345911 1.1420489207100326 1 0
1 -3.24561951628594 1.14204889814538 1 0
1 -3.2456195052246573 1.1420488755780411 1 0
1 -3.2456194941620655 1.1420488530080226 1 0
1 -3.245619483098169 1.142048830435331 1 0
1 -3.2456194720329723 1.1420488078599744 1 0
1 -3.245619460966477 1.142048785281959 1 0
1 -3.2456194498986872 1.1420487627012925 1 0
1 -3.2456194388296056 1.142048740117981 1 0
1 -3.2456194277592365 1.1420487175320322 1 0
1 -3.2456194166875827 1.1420486949434527 1 0
1 -3.2456194056146477 1.1420486723522492 1 0
1 -3.245619394540436 1.1420486497584288 1 0
1 -3.245619383464949 1.1420486271619983 1 0
1 -3.2456193723881905 1.1420486045629645 1 0
1 -3.245619361310166 1.1420485819613344 1 0
1 -3.245619350230876 1.142048559357114 1 0
1 -3.2456193391503243 1.1420485367503113 1 0
1 -3.2456193280685155 1.1420485141409324 1 0
1 -3.2456193169854517 1.142048491528984 1 0
1 -3.245619305901137 1.1420484689144732 1 0
1 -3.2456192948155747 1.1420484462974065 1 0
1 -3.2456192837287676 1.142048423677791 1 0
1 -3.2456192726407194 1.1420484010556324 1 0
1 -3.2456192615514325 1.142048378430938 1 0
1 -3.2456192504609107 1.1420483558037149 1 0
1 -3.2456192393691574 1.1420483331739693 1 0
1 -3.2456192282761758 1.1420483105417074 1 0
1 -3.245619217181969 1.1420482879069365 1 0
1 -3.2456192060865403 1.1420482652696622 1 0
1 -3.2456191949898923 1.142048242629893 1 0
1 -3.245619183892029 1.1420482199876323 1 0
1 -3.245619172792953 1.1420481973428909 1 0
1 -3.245619161692668 1.142048174695672 1 0
1 -3.2456191505911782 1.1420481520459833 1 0
1 -3.245619139488485 1.1420481293938312 1 0
1 -3.245619128384592 1.142048106739222 1 0
1 -3.245619117279502 1.1420480840821627 1 0
1 -3.245619106173219 1.1420480614226585 1 0
1 -3.245619095065745 1.1420480387607164 1 0
1 -3.2456190839570844 1.1420480160963433 1 0
1 -3.2456190728472394 1.142047993429544 1 0
1 -3.245619061736214 1.1420479707603268 1 0
1 -3.24561905062401 1.1420479480886971 1 0
1 -3.2456190395106312 1.1420479254146612 1 0
1 -3.2456190283960797 1.142047902738225 1 0
1 -3.2456190172803616 1.1420478800593963 1 0
1 -3.2456190061634764 1.1420478573781796 1 0
1 -3.245618995045429 1.142047834694582 1 0
1 -3.245618983926222 1.1420478120086093 1 0
1 -3.2456189728058593 1.1420477893202687 1 0
1 -3.2456189616843427 1.1420477666295652 1 0
1 -3.245618950561676 1.142047743936506 1 0
1 -3.2456189394378616 1.1420477212410967 1 0
1 -3.2456189283129033 1.1420476985433434 1 0
1 -3.2456189171868024 1.142047675843253 1 0
1 -3.2456189060595646 1.1420476531408317 1 0
1 -3.245618894931191 1.1420476304360838 1 0
1 -3.2456188838016846 1.1420476077290194 1 0
1 -3.2456188726710486 1.1420475850196417 1 0
1 -3.2456188615392865 1.1420475623079558 1 0
1 -3.245618850406401 1.1420475395939682 1 0
1 -3.2456188392723955 1.1420475168776851 1 0
1 -3.2456188281372715 1.1420474941591137 1 0
1 -3.2456188170010334 1.14204747143826 1 0
1 -3.245618805863683 1.142047448715128 1 0
1 -3.2456187947252246 1.142047425989726 1 0
1 -3.2456187835856594 1.1420474032620587 1 0
1 -3.2456187724449923 1.1420473805321323 1 0
1 -3.245618761303224 1.1420473577999517 1 0
1 -3.2456187501603586 1.1420473350655251 1 0
1 -3.2456187390163986 1.1420473123288564 1 0
1 -3.245618727871347 1.1420472895899523 1 0
1 -3.2456187167252066 1.142047266848818 1 0
1 -3.24561870557798 1.1420472441054605 1 0
1 -3.2456186944296714 1.142047221359884 1 0
1 -3.2456186832802825 1.142047198612096 1 0
1 -3.2456186721298157 1.1420471758621005 1 0
1 -3.2456186609782742 1.1420471531099057 1 0
1 -3.245618649825662 1.142047130355515 1 0
1 -3.2456186386719805 1.1420471075989354 1 0
1 -3.2456186275172327 1.142047084840173 1 0
1 -3.2456186163614222 1.142047062079232 1 0
1 -3.2456186052045504 1.1420470393161195 1 0
1 -3.245618594046621 1.142047016550841 1 0
1 -3.2456185828876376 1.1420469937834008 1 0
1 -3.2456185717276016 1.1420469710138068 1 0
1 -3.2456185605665167 1.1420469482420632 1 0
1 -3.2456185494043845 1.1420469254681767 1 0
