1 0.5 -0.865 1 0
1 0.5000000609223015 -0.8649999620737698 1 0
1 0.5000000795189047 -0.8649999620229999 1 0
1 0.5000000981153179 -0.8649999619722305 1 0
1 0.5000001167115419 -0.8649999619214616 1 0
1 0.5000001353075774 -0.8649999618706932 1 0
1 0.5000001539034251 -0.8649999618199253 1 0
1 0.5000001724990861 -0.8649999617691579 1 0
1 0.5000001910945608 -0.864999961718391 1 0
1 0.5000002096898502 -0.8649999616676247 1 0
1 0.5000002282849549 -0.864999961616859 1 0
1 0.5000002468798758 -0.8649999615660935 1 0
1 0.5000002654746135 -0.8649999615153288 1 0
1 0.5000002840691687 -0.8649999614645644 1 0
1 0.5000003026635423 -0.8649999614138004 1 0
1 0.5000003212577351 -0.8649999613630371 1 0
1 0.5000003398517475 -0.8649999613122743 1 0
1 0.5000003584455808 -0.8649999612615118 1 0
1 0.5000003770392352 -0.86499996121075 1 0
1 0.5000003956327117 -0.8649999611599886 1 0
1 0.5000004142260109 -0.8649999611092276 1 0
1 0.5000004328191336 -0.8649999610584671 1 0
1 0.5000004514120806 -0.8649999610077072 1 0
1 0.5000004700048521 -0.8649999609569476 1 0
1 0.5000004885974495 -0.8649999609061887 1 0
1 0.5000005071898732 -0.8649999608554301 1 0
1 0.500000525782124 -0.8649999608046719 1 0
1 0.5000005443742024 -0.8649999607539143 1 0
1 0.5000005629661093 -0.864999960703157 1 0
1 0.5000005815578453 -0.8649999606524004 1 0
1 0.5000006001494112 -0.8649999606016441 1 0
1 0.5000006187408076 -0.8649999605508883 1 0
1 0.5000006373320351 -0.8649999605001331 1 0
1 0.5000006559230945 -0.8649999604493781 1 0
1 0.5000006745139866 -0.8649999603986238 1 0
1 0.5000006931047118 -0.8649999603478697 1 0
1 0.5000007116952712 -0.8649999602971162 1 0
1 0.500000730285665 -0.8649999602463632 1 0
1 0.5000007488758943 -0.8649999601956105 1 0
1 0.5000007674659593 -0.8649999601448584 1 0
1 0.899573522801056 -0.8864991419057824 1 0
1 1.3992977313939357 -0.9030970457372414 1 0
1 1.8387775140647926 -0.9230541449508134 1 0
1 1.8394045392653817 -0.9235237846706579 1 0
1 1.839404923193488 -0.9235237497629324 1 0
1 1.8394052126344287 -0.92352372330768 1 0
1 1.8394054311320833 -0.9235237028472609 1 0
1 1.8394055962754838 -0.9235236868871347 1 0
1 1.8394057212904011 -0.9235236743105381 1 0
1 1.8394058161231006 -0.9235236642779252 1 0
1 1.8394056325118697 -0.9235246072020992 1 0
1 1.8394055813720205 -0.9235248958482634 1 0
1 1.8394056813269755 -0.9235242836397421 1 0
1 1.8394057428020216 -0.923524283761208 1 0
1 1.8328012558981275 -0.9164551764618102 1 0
1 1.832814771707526 -0.9223313950519779 1 0
1 1.8362058508263226 -0.9207276877869361 1 0
1 1.836205004996827 -0.9207275393449859 1 0
1 1.836204656550444 -0.920727570557963 1 0
1 1.8362051855752033 -0.9207276979269721 1 0
1 1.8362051902350416 -0.920727651667418 1 0
1 1.8362051951323435 -0.9207276045298936 1 0
1 1.9042634456251282 -0.4894188564800437 1 0
1 1.9687549038891052 0.006404486003266374 1 0
1 2.033247854583321 0.5022276317458714 1 0
1 2.097739324860899 0.998050922699893 1 0
1 2.162232762946445 1.4938740841597438 1 0
1 2.2267254310184876 1.9896973064079597 1 0
1 2.240566822050057 2.1138526742175836 1 0
1 2.240565997508451 2.1138528215189227 1 0
1 2.2405653056082087 2.113852929630868 1 0
1 2.2405649270911656 2.1138530114903364 1 0
1 2.240565337961227 2.113852783362354 1 0
1 2.2405653418279647 2.113852827655842 1 0
1 2.2405653470987916 2.1138528773222838 1 0
1 2.2405653523696074 2.11385292690591 1 0
1 2.240565357624898 2.113852976344523 1 0
1 2.240565362864559 2.113853025638041 1 0
1 2.240565368088653 2.1138530747870474 1 0
1 2.2405653732972413 2.1138531237921274 1 0
1 2.2405653784903894 2.113853172653868 1 0
1 2.2405693682889067 2.1138082323530165 1 0
1 2.2319807536631546 2.1072673461854077 1 0
1 2.2404566801353845 2.1072671426123044 1 0
1 2.240452852002549 2.1125465099709384 1 0
1 2.239285724512915 2.1243630440772314 1 0
1 2.2392856823831915 2.1243630300972702 1 0
1 2.239285637676121 2.1243630159138256 1 0
1 2.2392855929880726 2.124363001741056 1 0
1 1.8197936372573948 1.9922628375728102 1 0
1 1.3397081526604457 1.8525562855960669 1 0
1 0.8596224646721038 1.7128497999420909 1 0
1 0.37953724652977655 1.5731426837833908 1 0
1 -0.10054838787377929 1.4334361001070783 1 0
1 -0.5806336308143827 1.2937289715762652 1 0
1 -1.0607192033713888 1.154022281994077 1 0
1 -1.5408044813198831 1.0143151570211757 1 0
1 -2.0208899849564066 0.8746083535849121 1 0
1 -2.5009753054865724 0.7349012449795873 1 0
1 -2.981060735811286 0.5951943225988303 1 0
1 -3.461146103562017 0.45548723973956906 1 0
1 -3.7124785860504295 0.40509718390478966 1 0
1 -3.712478700928715 0.4050970111387202 1 0
1 -3.712478694657946 0.40509616960093453 1 0
1 -3.712479119572797 0.4050956936603145 1 0
1 -3.7124796464402614 0.40509598286034953 1 0
1 -3.712479645891351 0.4050959825019125 1 0
1 -3.712479647635254 0.4050959818346007 1 0
1 -3.7082283597040027 0.404624500068717 1 0
1 -3.7082148761328115 0.4054820458456807 1 0
1 -3.7149222414956213 0.4054779549125447 1 0
1 -3.759072004355967 0.40547606900231714 1 0
1 -3.762268545288144 0.4049745060855068 1 0
1 -3.7610373856240473 0.3902619011115269 1 0
1 -3.761037929032903 0.3902635973889468 1 0
1 -3.7610378896419885 0.3902636087286304 1 0
1 -3.761037849900216 0.3902636200910372 1 0
1 -3.7610378101873616 0.39026363144452336 1 0
1 -3.7610377705067704 0.3902636427888282 1 0
1 -3.7610377308583596 0.3902636541239828 1 0
1 -3.761037691242012 0.3902636654500198 1 0
1 -3.3776587374666414 0.4992651601665643 1 0
1 -2.8938102042268135 0.6253244893906882 1 0
1 -2.4099610978006423 0.7513813957433331 1 0
1 -1.9261126624787628 0.8774410167885003 1 0
1 -1.4422640367483697 1.0034987880136879 1 0
1 -0.9584153780871063 1.1295571938507498 1 0
1 -0.4745666551288523 1.2556146705418405 1 0
1 0.009281951397591137 1.3816724544578067 1 0
1 0.08458183004379066 1.3805033085322906 1 0
1 0.08458178063933858 1.3805044695104944 1 0
1 0.08458187901233577 1.3805047982997987 1 0
1 0.08458196882706737 1.380505077640682 1 0
1 0.08458205289729342 1.3805053166826575 1 0
1 0.09207252108060049 1.4042040096694872 1 0
1 0.09210790452652523 1.409799608053797 1 0
1 0.09590779698272606 1.4098004290511705 1 0
1 0.09577653270847075 1.4108588913463953 1 0
1 0.09577689669683065 1.4108589631246764 1 0
1 -0.015428382266010954 1.0815436471458637 1 0
1 -0.15006840797354526 0.6000128107262619 1 0
1 -0.2847090408896916 0.1184818863172552 1 0
1 -0.41934912880747377 -0.36304890485198016 1 0
1 -0.5539899473879779 -0.8445798046169284 1 0
1 -0.6886300806807475 -1.3261105579855799 1 0
1 -0.7560287297830313 -1.5987392674344654 1 0
1 -0.7560284405191959 -1.5987393559074348 1 0
1 -0.7560282217792211 -1.5987394235792447 1 0
1 -0.7560280374166577 -1.5987394792613658 1 0
1 -0.7560277825682304 -1.5987391439665344 1 0
1 -0.746433081778578 -1.5936889132747856 1 0
1 -0.7627150722418654 -1.593684397490513 1 0
1 -0.762713665271336 -1.5954160464271765 1 0
1 -0.7617106753574829 -1.613307284547884 1 0
1 -0.7427054123688708 -1.5996163114495623 1 0
1 -0.28983966997243926 -1.4439261597295276 1 0
1 0.18422811735736705 -1.2849927607311635 1 0
1 0.6582956724115063 -1.126058999462728 1 0
1 1.132363397200283 -0.9671255393273228 1 0
1 1.606431030842993 -0.8081918835681532 1 0
1 2.080498688429401 -0.6492583530177185 1 0
1 2.5545664019574326 -0.49032480635891673 1 0
1 2.960510959205954 -0.37552458003594025 1 0
1 2.961819719805168 -0.37722716584238974 1 0
1 2.96181980699417 -0.3772268932440958 1 0
1 2.9618205136688984 -0.3772264684435268 1 0
1 2.9585955767103718 -0.3762404329462506 1 0
1 2.958919308509985 -0.3775107197492751 1 0
1 2.973496653962828 -0.3775049687045563 1 0
1 3.012637824539212 -0.37750855227077423 1 0
1 3.0124127043570406 -0.37741723928732507 1 0
1 3.0124126129928532 -0.37741761574074756 1 0
1 2.7929194448783634 -0.18494869401965974 1 0
1 2.409956706784625 0.13651580824632537 1 0
1 2.026994291124322 0.4579810354205418 1 0
1 1.6440316346959756 0.7794457016997021 1 0
1 1.2610692102540668 1.1009108696205205 1 0
1 0.8781065882694947 1.4223756282345714 1 0
1 0.49514414947007557 1.7438407249967682 1 0
1 0.11218156709502808 2.065305585885916 1 0
1 -0.2707808900451433 2.386770604362006 1 0
1 -0.6537434290134501 2.7082355729848997 1 0
1 -1.0367059069174502 3.0297005107821464 1 0
1 -1.419668400281658 3.3511655878100894 1 0
1 -1.8026308996651896 3.6726304474209677 1 0
1 -2.1855933469292763 3.994095628713822 1 0
1 -2.568555866726165 4.315560417444131 1 0
1 -2.9515182691252573 4.6370256942468755 1 0
1 -3.3344808065493625 4.958490423802881 1 0
1 -3.717443166941342 5.279955783275066 1 0
1 -3.9859552001807836 5.505298415095092 1 0
1 -3.984327465896391 5.50399798097824 1 0
1 -3.9843274694284228 5.50399798382435 1 0
1 -3.9843274728263927 5.503997986497051 1 0
1 -3.9843274762228207 5.503997989168159 1 0
1 -3.9826730048216223 5.496653477869949 1 0
1 -3.9826781472120505 5.487141837772864 1 0
1 -3.9826789886516494 5.515462214902752 1 0
1 -3.9838319332521808 5.515559152813417 1 0
1 -4.007506898962659 5.5155535599631165 1 0
1 -4.009095685161583 5.514857763000957 1 0
1 -4.009095662982812 5.514857715503888 1 0
1 -3.8786206843994995 5.240913582987537 1 0
1 -3.679451783015913 4.782294119911536 1 0
1 -3.480282805429455 4.323674793628993 1 0
1 -3.281113950887038 3.865055278836678 1 0
1 -3.0819449228738494 3.4064360071941016 1 0
1 -2.8827761286651636 2.9478164357485763 1 0
1 -2.6836070559257554 2.489197211544157 1 0
1 -2.4844383158223233 2.0305775916061277 1 0
1 -2.285269206658886 1.571958405063553 1 0
1 -2.086100511875115 1.1133387472217817 1 0
1 -1.8869313767399776 0.6547195865448345 1 0
1 -1.7435973996678298 0.2763921391913031 1 0
1 -1.7456196600038756 0.2770491914997102 1 0
1 -1.7456196489183324 0.2770491687434866 1 0
1 -1.7456196378727138 0.2770491462072435 1 0
1 -1.7456196268260498 0.27704912366983714 1 0
1 -1.7456196157780406 0.27704910112968406 1 0
1 -1.745619604728689 0.2770490785867801 1 0
1 -1.745619593677997 0.2770490560411327 1 0
1 -1.7456195826259693 0.2770490334927487 1 0
1 -1.7456195715726093 0.2770490109416348 1 0
1 -1.7456195605179197 0.2770489883877998 1 0
1 -1.745619549461905 0.2770489658312494 1 0
1 -1.7456195384045676 0.27704894327199114 1 0
1 -1.745619527345911 0.2770489207100326 1 0
1 -1.7456195162859398 0.27704889814538003 1 0
1 -1.7456195052246573 0.27704887557804114 1 0
1 -1.7456194941620655 0.2770488530080226 1 0
1 -1.745619483098169 0.2770488304353309 1 0
1 -1.7456194720329723 0.27704880785997443 1 0
1 -1.745619460966477 0.277048785281959 1 0
1 -1.7456194498986872 0.27704876270129253 1 0
1 -1.7456194388296056 0.2770487401179811 1 0
1 -1.7456194277592365 0.2770487175320322 1 0
1 -1.7456194166875827 0.27704869494345274 1 0
1 -1.7456194056146477 0.27704867235224917 1 0
1 -1.745619394540436 0.2770486497584288 1 0
1 -1.7456193834649492 0.2770486271619983 1 0
1 -1.7456193723881905 0.27704860456296454 1 0
1 -1.7456193613101658 0.2770485819613344 1 0
1 -1.7456193502308759 0.2770485593571139 1 0
1 -1.7456193391503243 0.27704853675031127 1 0
1 -1.7456193280685155 0.27704851414093246 1 0
1 -1.7456193169854517 0.2770484915289839 1 0
1 -1.745619305901137 0.2770484689144732 1 0
1 -1.7456192948155747 0.27704844629740655 1 0
1 -1.7456192837287676 0.27704842367779103 1 0
1 -1.7456192726407194 0.27704840105563244 1 0
1 -1.7456192615514325 0.2770483784309381 1 0
1 -1.7456192504609107 0.2770483558037149 1 0
1 -1.7456192393691574 0.27704833317396926 1 0
1 -1.7456192282761758 0.2770483105417074 1 0
1 -1.7456192171819689 0.2770482879069365 1 0
1 -1.7456192060865403 0.2770482652696622 1 0
1 -1.7456191949898923 0.277048242629893 1 0
1 -1.7456191838920292 0.2770482199876323 1 0
1 -1.7456191727929529 0.2770481973428909 1 0
1 -1.7456191616926682 0.2770481746956721 1 0
1 -1.7456191505911782 0.2770481520459833 1 0
1 -1.7456191394884848 0.27704812939383117 1 0
1 -1.7456191283845919 0.2770481067392221 1 0
1 -1.7456191172795021 0.27704808408216275 1 0
1 -1.7456191061732191 0.2770480614226585 1 0
1 -1.745619095065745 0.2770480387607164 1 0
1 -1.7456190839570844 0.27704801609634333 1 0
1 -1.7456190728472394 0.277047993429544 1 0
1 -1.745619061736214 0.27704797076032683 1 0
1 -1.74561905062401 0.27704794808869715 1 0
1 -1.7456190395106312 0.27704792541466117 1 0
1 -1.7456190283960797 0.2770479027382251 1 0
1 -1.7456190172803616 0.2770478800593963 1 0
1 -1.7456190061634764 0.2770478573781796 1 0
1 -1.745618995045429 0.27704783469458194 1 0
1 -1.7456189839262222 0.2770478120086093 1 0
1 -1.7456189728058593 0.27704778932026874 1 0
1 -1.7456189616843427 0.2770477666295652 1 0
1 -1.745618950561676 0.277047743936506 1 0
1 -1.7456189394378616 0.27704772124109667 1 0
1 -1.7456189283129033 0.27704769854334343 1 0
1 -1.7456189171868024 0.27704767584325296 1 0
1 -1.7456189060595646 0.2770476531408317 1 0
1 -1.7456188949311908 0.2770476304360838 1 0
1 -1.7456188838016846 0.2770476077290194 1 0
1 -1.7456188726710486 0.27704758501964166 1 0
1 -1.7456188615392865 0.2770475623079558 1 0
1 -1.7456188504064012 0.2770475395939682 1 0
1 -1.7456188392723955 0.27704751687768514 1 0
1 -1.7456188281372715 0.27704749415911367 1 0
1 -1.7456188170010334 0.27704747143826003 1 0
1 -1.7456188058636828 0.277047448715128 1 0
1 -1.7456187947252246 0.277047425989726 1 0
1 -1.7456187835856594 0.2770474032620587 1 0
1 -1.7456187724449923 0.2770473805321323 1 0
1 -1.745618761303224 0.2770473577999517 1 0
1 -1.7456187501603586 0.27704733506552515 1 0
1 -1.7456187390163986 0.2770473123288564 1 0
1 -1.745618727871347 0.2770472895899523 1 0
1 -1.7456187167252066 0.277047266848818 1 0
1 -1.74561870557798 0.27704724410546056 1 0
1 -1.7456186944296714 0.277047221359884 1 0
1 -1.7456186832802825 0.2770471986120959 1 0
1 -1.7456186721298157 0.2770471758621005 1 0
1 -1.7456186609782742 0.2770471531099057 1 0
1 -1.745618649825662 0.2770471303555151 1 0
1 -1.7456186386719805 0.27704710759893536 1 0
1 -1.7456186275172327 0.27704708484017293 1 0
1 -1.7456186163614222 0.277047062079232 1 0
1 -1.7456186052045504 0.2770470393161195 1 0
1 -1.7456185940466211 0.27704701655084096 1 0
1 -1.7456185828876376 0.2770469937834008 1 0
1 -1.7456185717276016 0.2770469710138068 1 0
1 -1.7456185605665167 0.2770469482420632 1 0
1 -1.7456185494043845 0.27704692546817666 1 0
