1 0.5 0.865 1 0
1 0.5000000609223015 0.8650000379262301 1 0
1 0.5000000795189047 0.8650000379770001 1 0
1 0.5000000981153179 0.8650000380277695 1 0
1 0.5000001167115419 0.8650000380785384 1 0
1 0.5000001353075774 0.8650000381293068 1 0
1 0.5000001539034251 0.8650000381800746 1 0
1 0.5000001724990861 0.865000038230842 1 0
1 0.5000001910945608 0.865000038281609 1 0
1 0.5000002096898502 0.8650000383323753 1 0
1 0.5000002282849549 0.865000038383141 1 0
1 0.5000002468798758 0.8650000384339065 1 0
1 0.5000002654746135 0.8650000384846712 1 0
1 0.5000002840691687 0.8650000385354356 1 0
1 0.5000003026635423 0.8650000385861996 1 0
1 0.5000003212577351 0.8650000386369628 1 0
1 0.5000003398517475 0.8650000386877257 1 0
1 0.5000003584455808 0.8650000387384882 1 0
1 0.5000003770392352 0.86500003878925 1 0
1 0.5000003956327117 0.8650000388400114 1 0
1 0.5000004142260109 0.8650000388907724 1 0
1 0.5000004328191336 0.8650000389415329 1 0
1 0.5000004514120806 0.8650000389922928 1 0
1 0.5000004700048521 0.8650000390430523 1 0
1 0.5000004885974495 0.8650000390938113 1 0
1 0.5000005071898732 0.8650000391445699 1 0
1 0.500000525782124 0.8650000391953281 1 0
1 0.5000005443742024 0.8650000392460857 1 0
1 0.5000005629661093 0.865000039296843 1 0
1 0.5000005815578453 0.8650000393475996 1 0
1 0.5000006001494112 0.8650000393983559 1 0
1 0.5000006187408076 0.8650000394491116 1 0
1 0.5000006373320351 0.8650000394998669 1 0
1 0.5000006559230945 0.8650000395506219 1 0
1 0.5000006745139866 0.8650000396013762 1 0
1 0.5000006931047118 0.8650000396521302 1 0
1 0.5000007116952712 0.8650000397028837 1 0
1 0.500000730285665 0.8650000397536368 1 0
1 0.5000007488758943 0.8650000398043894 1 0
1 0.5000007674659593 0.8650000398551416 1 0
1 0.899573522801056 0.8435008580942176 1 0
1 1.3992977313939357 0.8269029542627586 1 0
1 1.8387775140647926 0.8069458550491866 1 0
1 1.8394045392653817 0.8064762153293421 1 0
1 1.839404923193488 0.8064762502370676 1 0
1 1.8394052126344287 0.80647627669232 1 0
1 1.8394054311320833 0.806476297152739 1 0
1 1.8394055962754838 0.8064763131128653 1 0
1 1.8394057212904011 0.8064763256894619 1 0
1 1.8394058161231006 0.8064763357220748 1 0
1 1.8394056325118697 0.8064753927979008 1 0
1 1.8394055813720205 0.8064751041517366 1 0
1 1.8394056813269755 0.8064757163602578 1 0
1 1.8394057428020216 0.806475716238792 1 0
1 1.8328012558981275 0.8135448235381898 1 0
1 1.832814771707526 0.8076686049480221 1 0
1 1.8362058508263226 0.8092723122130638 1 0
1 1.836205004996827 0.8092724606550141 1 0
1 1.836204656550444 0.809272429442037 1 0
1 1.8362051855752033 0.8092723020730279 1 0
1 1.8362051902350416 0.809272348332582 1 0
1 1.8362051951323435 0.8092723954701064 1 0
1 1.9042634456251282 1.2405811435199563 1 0
1 1.9687549038891052 1.7364044860032664 1 0
1 2.033247854583321 2.2322276317458716 1 0
1 2.097739324860899 2.728050922699893 1 0
1 2.162232762946445 3.2238740841597435 1 0
1 2.2267254310184876 3.7196973064079595 1 0
1 2.240566822050057 3.843852674217584 1 0
1 2.240565997508451 3.843852821518923 1 0
1 2.2405653056082087 3.8438529296308683 1 0
1 2.2405649270911656 3.843853011490337 1 0
1 2.240565337961227 3.8438527833623546 1 0
1 2.2405653418279647 3.8438528276558417 1 0
1 2.2405653470987916 3.843852877322284 1 0
1 2.2405653523696074 3.8438529269059094 1 0
1 2.240565357624898 3.8438529763445226 1 0
1 2.240565362864559 3.843853025638041 1 0
1 2.240565368088653 3.843853074787047 1 0
1 2.2405653732972413 3.843853123792127 1 0
1 2.2405653784903894 3.8438531726538683 1 0
1 2.2405693682889067 3.843808232353017 1 0
1 2.2319807536631546 3.837267346185407 1 0
1 2.2404566801353845 3.837267142612305 1 0
1 2.240452852002549 3.842546509970939 1 0
1 2.239285724512915 3.854363044077232 1 0
1 2.2392856823831915 3.8543630300972707 1 0
1 2.239285637676121 3.854363015913826 1 0
1 2.2392855929880726 3.8543630017410555 1 0
1 1.8197936372573948 3.72226283757281 1 0
1 1.3397081526604457 3.582556285596067 1 0
1 0.8596224646721038 3.442849799942091 1 0
1 0.37953724652977655 3.303142683783391 1 0
1 -0.10054838787377929 3.163436100107078 1 0
1 -0.5806336308143827 3.023728971576265 1 0
1 -1.0607192033713888 2.884022281994077 1 0
1 -1.5408044813198831 2.744315157021176 1 0
1 -2.0208899849564066 2.6046083535849123 1 0
1 -2.5009753054865724 2.464901244979587 1 0
1 -2.981060735811286 2.32519432259883 1 0
1 -3.461146103562017 2.185487239739569 1 0
1 -3.7124785860504295 2.1350971839047896 1 0
1 -3.712478700928715 2.13509701113872 1 0
1 -3.712478694657946 2.1350961696009345 1 0
1 -3.712479119572797 2.1350956936603147 1 0
1 -3.7124796464402614 2.1350959828603493 1 0
1 -3.712479645891351 2.1350959825019125 1 0
1 -3.712479647635254 2.135095981834601 1 0
1 -3.7082283597040027 2.1346245000687167 1 0
1 -3.7082148761328115 2.1354820458456807 1 0
1 -3.7149222414956213 2.1354779549125444 1 0
1 -3.759072004355967 2.1354760690023173 1 0
1 -3.762268545288144 2.1349745060855065 1 0
1 -3.7610373856240473 2.120261901111527 1 0
1 -3.761037929032903 2.1202635973889468 1 0
1 -3.7610378896419885 2.1202636087286306 1 0
1 -3.761037849900216 2.120263620091037 1 0
1 -3.7610378101873616 2.1202636314445233 1 0
1 -3.7610377705067704 2.120263642788828 1 0
1 -3.7610377308583596 2.120263654123983 1 0
1 -3.761037691242012 2.12026366545002 1 0
1 -3.3776587374666414 2.2292651601665643 1 0
1 -2.8938102042268135 2.3553244893906884 1 0
1 -2.4099610978006423 2.481381395743333 1 0
1 -1.9261126624787628 2.6074410167885 1 0
1 -1.4422640367483697 2.733498788013688 1 0
1 -0.9584153780871063 2.85955719385075 1 0
1 -0.4745666551288523 2.9856146705418407 1 0
1 0.009281951397591137 3.111672454457807 1 0
1 0.08458183004379066 3.110503308532291 1 0
1 0.08458178063933858 3.110504469510494 1 0
1 0.08458187901233577 3.1105047982997984 1 0
1 0.08458196882706737 3.110505077640682 1 0
1 0.08458205289729342 3.1105053166826577 1 0
1 0.09207252108060049 3.134204009669487 1 0
1 0.09210790452652523 3.1397996080537967 1 0
1 0.09590779698272606 3.1398004290511707 1 0
1 0.09577653270847075 3.1408588913463955 1 0
1 0.09577689669683065 3.1408589631246766 1 0
1 -0.015428382266010954 2.8115436471458635 1 0
1 -0.15006840797354526 2.330012810726262 1 0
1 -0.2847090408896916 1.8484818863172552 1 0
1 -0.41934912880747377 1.36695109514802 1 0
1 -0.5539899473879779 0.8854201953830716 1 0
1 -0.6886300806807475 0.4038894420144202 1 0
1 -0.7560287297830313 0.13126073256553472 1 0
1 -0.7560284405191959 0.1312606440925651 1 0
1 -0.7560282217792211 0.13126057642075528 1 0
1 -0.7560280374166577 0.13126052073863403 1 0
1 -0.7560277825682304 0.1312608560334655 1 0
1 -0.746433081778578 0.13631108672521441 1 0
1 -0.7627150722418654 0.13631560250948693 1 0
1 -0.762713665271336 0.13458395357282338 1 0
1 -0.7617106753574829 0.11669271545211601 1 0
1 -0.7427054123688708 0.1303836885504377 1 0
1 -0.28983966997243926 0.28607384027047233 1 0
1 0.18422811735736705 0.44500723926883645 1 0
1 0.6582956724115063 0.6039410005372721 1 0
1 1.132363397200283 0.7628744606726772 1 0
1 1.606431030842993 0.9218081164318468 1 0
1 2.080498688429401 1.0807416469822815 1 0
1 2.5545664019574326 1.2396751936410833 1 0
1 2.960510959205954 1.3544754199640598 1 0
1 2.961819719805168 1.3527728341576102 1 0
1 2.96181980699417 1.3527731067559041 1 0
1 2.9618205136688984 1.352773531556473 1 0
1 2.9585955767103718 1.3537595670537494 1 0
1 2.958919308509985 1.352489280250725 1 0
1 2.973496653962828 1.3524950312954438 1 0
1 3.012637824539212 1.3524914477292258 1 0
1 3.0124127043570406 1.352582760712675 1 0
1 3.0124126129928532 1.3525823842592524 1 0
1 2.7929194448783634 1.5450513059803401 1 0
1 2.409956706784625 1.8665158082463253 1 0
1 2.026994291124322 2.187981035420542 1 0
1 1.6440316346959756 2.5094457016997023 1 0
1 1.2610692102540668 2.8309108696205207 1 0
1 0.8781065882694947 3.152375628234571 1 0
1 0.49514414947007557 3.4738407249967684 1 0
1 0.11218156709502808 3.7953055858859157 1 0
1 -0.2707808900451433 4.1167706043620065 1 0
1 -0.6537434290134501 4.4382355729849 1 0
1 -1.0367059069174502 4.759700510782146 1 0
1 -1.419668400281658 5.08116558781009 1 0
1 -1.8026308996651896 5.402630447420968 1 0
1 -2.1855933469292763 5.7240956287138225 1 0
1 -2.568555866726165 6.045560417444132 1 0
1 -2.9515182691252573 6.367025694246876 1 0
1 -3.3344808065493625 6.6884904238028815 1 0
1 -3.717443166941342 7.009955783275067 1 0
1 -3.9859552001807836 7.235298415095093 1 0
1 -3.984327465896391 7.23399798097824 1 0
1 -3.9843274694284228 7.23399798382435 1 0
1 -3.9843274728263927 7.233997986497052 1 0
1 -3.9843274762228207 7.233997989168159 1 0
1 -3.9826730048216223 7.22665347786995 1 0
1 -3.9826781472120505 7.217141837772864 1 0
1 -3.9826789886516494 7.245462214902752 1 0
1 -3.9838319332521808 7.245559152813417 1 0
1 -4.007506898962659 7.245553559963117 1 0
1 -4.009095685161583 7.244857763000957 1 0
1 -4.009095662982812 7.244857715503889 1 0
1 -3.8786206843994995 6.970913582987538 1 0
1 -3.679451783015913 6.5122941199115365 1 0
1 -3.480282805429455 6.053674793628994 1 0
1 -3.281113950887038 5.5950552788366785 1 0
1 -3.0819449228738494 5.136436007194102 1 0
1 -2.8827761286651636 4.677816435748576 1 0
1 -2.6836070559257554 4.219197211544158 1 0
1 -2.4844383158223233 3.7605775916061273 1 0
1 -2.285269206658886 3.3019584050635533 1 0
1 -2.086100511875115 2.8433387472217815 1 0
1 -1.8869313767399776 2.3847195865448345 1 0
1 -1.7435973996678298 2.006392139191303 1 0
1 -1.7456196600038756 2.00704919149971 1 0
1 -1.7456196489183324 2.0070491687434866 1 0
1 -1.7456196378727138 2.0070491462072435 1 0
1 -1.7456196268260498 2.0070491236698373 1 0
1 -1.7456196157780406 2.007049101129684 1 0
1 -1.745619604728689 2.00704907858678 1 0
1 -1.745619593677997 2.007049056041133 1 0
1 -1.7456195826259693 2.0070490334927484 1 0
1 -1.7456195715726093 2.0070490109416346 1 0
1 -1.7456195605179197 2.0070489883877998 1 0
1 -1.745619549461905 2.0070489658312494 1 0
1 -1.7456195384045676 2.0070489432719913 1 0
1 -1.745619527345911 2.007048920710033 1 0
1 -1.7456195162859398 2.00704889814538 1 0
1 -1.7456195052246573 2.0070488755780413 1 0
1 -1.7456194941620655 2.0070488530080226 1 0
1 -1.745619483098169 2.007048830435331 1 0
1 -1.7456194720329723 2.0070488078599746 1 0
1 -1.745619460966477 2.0070487852819587 1 0
1 -1.7456194498986872 2.0070487627012925 1 0
1 -1.7456194388296056 2.0070487401179813 1 0
1 -1.7456194277592365 2.007048717532032 1 0
1 -1.7456194166875827 2.0070486949434527 1 0
1 -1.7456194056146477 2.007048672352249 1 0
1 -1.745619394540436 2.0070486497584286 1 0
1 -1.7456193834649492 2.007048627161998 1 0
1 -1.7456193723881905 2.0070486045629643 1 0
1 -1.7456193613101658 2.0070485819613344 1 0
1 -1.7456193502308759 2.0070485593571137 1 0
1 -1.7456193391503243 2.007048536750311 1 0
1 -1.7456193280685155 2.0070485141409327 1 0
1 -1.7456193169854517 2.007048491528984 1 0
1 -1.745619305901137 2.007048468914473 1 0
1 -1.7456192948155747 2.0070484462974063 1 0
1 -1.7456192837287676 2.007048423677791 1 0
1 -1.7456192726407194 2.0070484010556324 1 0
1 -1.7456192615514325 2.0070483784309383 1 0
1 -1.7456192504609107 2.0070483558037147 1 0
1 -1.7456192393691574 2.0070483331739695 1 0
1 -1.7456192282761758 2.007048310541707 1 0
1 -1.7456192171819689 2.0070482879069367 1 0
1 -1.7456192060865403 2.0070482652696624 1 0
1 -1.7456191949898923 2.0070482426298932 1 0
1 -1.7456191838920292 2.0070482199876323 1 0
1 -1.7456191727929529 2.0070481973428906 1 0
1 -1.7456191616926682 2.0070481746956723 1 0
1 -1.7456191505911782 2.007048152045983 1 0
1 -1.7456191394884848 2.007048129393831 1 0
1 -1.7456191283845919 2.007048106739222 1 0
1 -1.7456191172795021 2.0070480840821627 1 0
1 -1.7456191061732191 2.0070480614226582 1 0
1 -1.745619095065745 2.0070480387607166 1 0
1 -1.7456190839570844 2.007048016096343 1 0
1 -1.7456190728472394 2.007047993429544 1 0
1 -1.745619061736214 2.007047970760327 1 0
1 -1.74561905062401 2.0070479480886974 1 0
1 -1.7456190395106312 2.0070479254146614 1 0
1 -1.7456190283960797 2.007047902738225 1 0
1 -1.7456190172803616 2.007047880059396 1 0
1 -1.7456190061634764 2.0070478573781796 1 0
1 -1.745618995045429 2.007047834694582 1 0
1 -1.7456189839262222 2.0070478120086093 1 0
1 -1.7456189728058593 2.0070477893202687 1 0
1 -1.7456189616843427 2.007047766629565 1 0
1 -1.745618950561676 2.007047743936506 1 0
1 -1.7456189394378616 2.0070477212410966 1 0
1 -1.7456189283129033 2.007047698543343 1 0
1 -1.7456189171868024 2.007047675843253 1 0
1 -1.7456189060595646 2.0070476531408317 1 0
1 -1.7456188949311908 2.007047630436084 1 0
1 -1.7456188838016846 2.007047607729019 1 0
1 -1.7456188726710486 2.0070475850196416 1 0
1 -1.7456188615392865 2.007047562307956 1 0
1 -1.7456188504064012 2.007047539593968 1 0
1 -1.7456188392723955 2.007047516877685 1 0
1 -1.7456188281372715 2.0070474941591137 1 0
1 -1.7456188170010334 2.00704747143826 1 0
1 -1.7456188058636828 2.007047448715128 1 0
1 -1.7456187947252246 2.007047425989726 1 0
1 -1.7456187835856594 2.0070474032620584 1 0
1 -1.7456187724449923 2.007047380532132 1 0
1 -1.745618761303224 2.0070473577999515 1 0
1 -1.7456187501603586 2.007047335065525 1 0
1 -1.7456187390163986 2.007047312328856 1 0
1 -1.745618727871347 2.007047289589952 1 0
1 -1.7456187167252066 2.0070472668488177 1 0
1 -1.74561870557798 2.0070472441054603 1 0
1 -1.7456186944296714 2.0070472213598842 1 0
1 -1.7456186832802825 2.0070471986120957 1 0
1 -1.7456186721298157 2.0070471758621005 1 0
1 -1.7456186609782742 2.0070471531099057 1 0
1 -1.745618649825662 2.007047130355515 1 0
1 -1.7456186386719805 2.007047107598935 1 0
1 -1.7456186275172327 2.007047084840173 1 0
1 -1.7456186163614222 2.007047062079232 1 0
1 -1.7456186052045504 2.0070470393161193 1 0
1 -1.7456185940466211 2.0070470165508407 1 0
1 -1.7456185828876376 2.007046993783401 1 0
1 -1.7456185717276016 2.007046971013807 1 0
1 -1.7456185605665167 2.0070469482420634 1 0
1 -1.7456185494043845 2.0070469254681766 1 0
