1 1 0 1 0
1 1.0000000609223014 3.7926230156415386e-08 1 0
1 1.0000000795189046 3.797700010021998e-08 1 0
1 1.0000000981153179 3.802776953054643e-08 1 0
1 1.0000001167115418 3.807853843351694e-08 1 0
1 1.0000001353075774 3.812930683688709e-08 1 0
1 1.0000001539034251 3.81800747129013e-08 1 0
1 1.0000001724990861 3.8230842089315153e-08 1 0
1 1.0000001910945608 3.828160898000643e-08 1 0
1 1.0000002096898502 3.833237523231947e-08 1 0
1 1.000000228284955 3.83831410405433e-08 1 0
1 1.0000002468798757 3.8433906446311283e-08 1 0
1 1.0000002654746134 3.8484671283089966e-08 1 0
1 1.0000002840691689 3.8535435634146076e-08 1 0
1 1.0000003026635425 3.858619952723519e-08 1 0
1 1.000000321257735 3.863696286521279e-08 1 0
1 1.0000003398517476 3.8687725703590026e-08 1 0
1 1.0000003584455808 3.873848813951142e-08 1 0
1 1.0000003770392352 3.8789250034199085e-08 1 0
1 1.0000003956327117 3.884001142928639e-08 1 0
1 1.000000414226011 3.88907723664067e-08 1 0
1 1.0000004328191336 3.894153287331559e-08 1 0
1 1.0000004514120806 3.899229282511296e-08 1 0
1 1.0000004700048521 3.90430523605767e-08 1 0
1 1.0000004885974496 3.909381135480672e-08 1 0
1 1.0000005071898732 3.914456994658089e-08 1 0
1 1.0000005257821238 3.9195328149777e-08 1 0
1 1.0000005443742024 3.924608575622823e-08 1 0
1 1.0000005629661093 3.929684296022362e-08 1 0
1 1.0000005815578454 3.934759965074086e-08 1 0
1 1.0000006001494113 3.9398355924924466e-08 1 0
1 1.0000006187408077 3.9449111671752135e-08 1 0
1 1.0000006373320351 3.949986689122387e-08 1 0
1 1.0000006559230945 3.955062186089542e-08 1 0
1 1.0000006745139867 3.960137619218873e-08 1 0
1 1.0000006931047118 3.96521302320485e-08 1 0
1 1.0000007116952712 3.9702883716796755e-08 1 0
1 1.000000730285665 3.9753636799089165e-08 1 0
1 1.0000007488758942 3.9804389492803516e-08 1 0
1 1.0000007674659592 3.985514164528414e-08 1 0
1 1.399573522801056 -0.02149914190578242 1 0
1 1.8992977313939357 -0.038097045737241375 1 0
1 2.338777514064793 -0.0580541449508134 1 0
1 2.3394045392653817 -0.0585237846706579 1 0
1 2.339404923193488 -0.05852374976293237 1 0
1 2.3394052126344285 -0.05852372330767999 1 0
1 2.339405431132083 -0.05852370284726091 1 0
1 2.339405596275484 -0.058523686887134704 1 0
1 2.339405721290401 -0.058523674310538024 1 0
1 2.339405816123101 -0.05852366427792523 1 0
1 2.3394056325118697 -0.05852460720209915 1 0
1 2.3394055813720205 -0.05852489584826334 1 0
1 2.3394056813269755 -0.05852428363974213 1 0
1 2.339405742802022 -0.05852428376120798 1 0
1 2.3328012558981275 -0.05145517646181018 1 0
1 2.3328147717075263 -0.05733139505197791 1 0
1 2.336205850826323 -0.0557276877869361 1 0
1 2.336205004996827 -0.05572753934498581 1 0
1 2.3362046565504437 -0.05572757055796299 1 0
1 2.3362051855752033 -0.055727697926972124 1 0
1 2.3362051902350416 -0.055727651667418006 1 0
1 2.3362051951323437 -0.05572760452989352 1 0
1 2.404263445625128 0.3755811435199563 1 0
1 2.4687549038891055 0.8714044860032664 1 0
1 2.533247854583321 1.3672276317458714 1 0
1 2.597739324860899 1.863050922699893 1 0
1 2.662232762946445 2.3588740841597438 1 0
1 2.7267254310184876 2.8546973064079597 1 0
1 2.740566822050057 2.978852674217584 1 0
1 2.740565997508451 2.978852821518923 1 0
1 2.7405653056082087 2.978852929630868 1 0
1 2.7405649270911656 2.9788530114903367 1 0
1 2.740565337961227 2.9788527833623544 1 0
1 2.7405653418279647 2.978852827655842 1 0
1 2.7405653470987916 2.978852877322284 1 0
1 2.7405653523696074 2.9788529269059096 1 0
1 2.740565357624898 2.978852976344523 1 0
1 2.740565362864559 2.978853025638041 1 0
1 2.740565368088653 2.978853074787047 1 0
1 2.7405653732972413 2.978853123792127 1 0
1 2.7405653784903894 2.978853172653868 1 0
1 2.7405693682889067 2.9788082323530167 1 0
1 2.7319807536631546 2.9722673461854074 1 0
1 2.7404566801353845 2.9722671426123046 1 0
1 2.740452852002549 2.9775465099709386 1 0
1 2.739285724512915 2.9893630440772316 1 0
1 2.7392856823831915 2.9893630300972704 1 0
1 2.739285637676121 2.989363015913826 1 0
1 2.7392855929880726 2.9893630017410557 1 0
1 2.319793637257395 2.85726283757281 1 0
1 1.8397081526604457 2.717556285596067 1 0
1 1.3596224646721038 2.577849799942091 1 0
1 0.8795372465297765 2.438142683783391 1 0
1 0.3994516121262207 2.2984361001070783 1 0
1 -0.08063363081438268 2.158728971576265 1 0
1 -0.5607192033713888 2.019022281994077 1 0
1 -1.0408044813198831 1.8793151570211757 1 0
1 -1.5208899849564066 1.739608353584912 1 0
1 -2.0009753054865724 1.5999012449795873 1 0
1 -2.481060735811286 1.4601943225988303 1 0
1 -2.961146103562017 1.320487239739569 1 0
1 -3.2124785860504295 1.2700971839047897 1 0
1 -3.212478700928715 1.2700970111387202 1 0
1 -3.212478694657946 1.2700961696009345 1 0
1 -3.212479119572797 1.2700956936603145 1 0
1 -3.2124796464402614 1.2700959828603495 1 0
1 -3.212479645891351 1.2700959825019125 1 0
1 -3.212479647635254 1.2700959818346007 1 0
1 -3.2082283597040027 1.269624500068717 1 0
1 -3.2082148761328115 1.2704820458456807 1 0
1 -3.2149222414956213 1.2704779549125447 1 0
1 -3.259072004355967 1.2704760690023171 1 0
1 -3.262268545288144 1.2699745060855068 1 0
1 -3.2610373856240473 1.255261901111527 1 0
1 -3.261037929032903 1.2552635973889468 1 0
1 -3.2610378896419885 1.2552636087286304 1 0
1 -3.261037849900216 1.2552636200910372 1 0
1 -3.2610378101873616 1.2552636314445234 1 0
1 -3.2610377705067704 1.2552636427888282 1 0
1 -3.2610377308583596 1.2552636541239828 1 0
1 -3.261037691242012 1.2552636654500198 1 0
1 -2.8776587374666414 1.3642651601665643 1 0
1 -2.3938102042268135 1.4903244893906882 1 0
1 -1.9099610978006423 1.616381395743333 1 0
1 -1.4261126624787628 1.7424410167885003 1 0
1 -0.9422640367483697 1.8684987880136879 1 0
1 -0.4584153780871063 1.9945571938507498 1 0
1 0.02543334487114768 2.1206146705418405 1 0
1 0.5092819513975911 2.2466724544578067 1 0
1 0.5845818300437906 2.2455033085322906 1 0
1 0.5845817806393385 2.2455044695104944 1 0
1 0.5845818790123358 2.2455047982997987 1 0
1 0.5845819688270674 2.245505077640682 1 0
1 0.5845820528972934 2.2455053166826575 1 0
1 0.5920725210806005 2.269204009669487 1 0
1 0.5921079045265252 2.274799608053797 1 0
1 0.595907796982726 2.2748004290511705 1 0
1 0.5957765327084708 2.2758588913463953 1 0
1 0.5957768966968306 2.2758589631246764 1 0
1 0.48457161773398905 1.9465436471458637 1 0
1 0.34993159202645474 1.4650128107262619 1 0
1 0.21529095911030838 0.9834818863172552 1 0
1 0.08065087119252623 0.5019510951480198 1 0
1 -0.05398994738797791 0.020420195383071556 1 0
1 -0.1886300806807475 -0.4611105579855798 1 0
1 -0.25602872978303126 -0.7337392674344653 1 0
1 -0.25602844051919593 -0.7337393559074349 1 0
1 -0.25602822177922113 -0.7337394235792447 1 0
1 -0.2560280374166577 -0.733739479261366 1 0
1 -0.25602778256823044 -0.7337391439665345 1 0
1 -0.24643308177857803 -0.7286889132747856 1 0
1 -0.2627150722418654 -0.7286843974905131 1 0
1 -0.262713665271336 -0.7304160464271766 1 0
1 -0.26171067535748294 -0.748307284547884 1 0
1 -0.24270541236887078 -0.7346163114495623 1 0
1 0.21016033002756074 -0.5789261597295277 1 0
1 0.684228117357367 -0.41999276073116354 1 0
1 1.1582956724115063 -0.261058999462728 1 0
1 1.632363397200283 -0.10212553932732277 1 0
1 2.1064310308429928 0.056808116431846835 1 0
1 2.580498688429401 0.21574164698228154 1 0
1 3.0545664019574326 0.37467519364108326 1 0
1 3.460510959205954 0.48947541996405974 1 0
1 3.461819719805168 0.48777283415761025 1 0
1 3.46181980699417 0.4877731067559042 1 0
1 3.4618205136688984 0.4877735315564732 1 0
1 3.4585955767103718 0.4887595670537494 1 0
1 3.458919308509985 0.4874892802507249 1 0
1 3.473496653962828 0.4874950312954437 1 0
1 3.512637824539212 0.48749144772922576 1 0
1 3.5124127043570406 0.4875827607126749 1 0
1 3.5124126129928532 0.48758238425925243 1 0
1 3.2929194448783634 0.6800513059803402 1 0
1 2.909956706784625 1.0015158082463254 1 0
1 2.526994291124322 1.3229810354205418 1 0
1 2.144031634695976 1.644445701699702 1 0
1 1.7610692102540668 1.9659108696205205 1 0
1 1.3781065882694947 2.2873756282345714 1 0
1 0.9951441494700756 2.6088407249967682 1 0
1 0.6121815670950281 2.930305585885916 1 0
1 0.22921910995485673 3.2517706043620063 1 0
1 -0.15374342901345006 3.5732355729849 1 0
1 -0.5367059069174502 3.894700510782146 1 0
1 -0.919668400281658 4.21616558781009 1 0
1 -1.3026308996651896 4.537630447420968 1 0
1 -1.6855933469292763 4.859095628713822 1 0
1 -2.068555866726165 5.1805604174441315 1 0
1 -2.4515182691252573 5.502025694246876 1 0
1 -2.8344808065493625 5.823490423802881 1 0
1 -3.217443166941342 6.1449557832750665 1 0
1 -3.4859552001807836 6.3702984150950925 1 0
1 -3.484327465896391 6.36899798097824 1 0
1 -3.4843274694284228 6.36899798382435 1 0
1 -3.4843274728263927 6.368997986497051 1 0
1 -3.4843274762228207 6.368997989168159 1 0
1 -3.4826730048216223 6.361653477869949 1 0
1 -3.4826781472120505 6.352141837772864 1 0
1 -3.4826789886516494 6.380462214902752 1 0
1 -3.4838319332521808 6.380559152813417 1 0
1 -3.507506898962659 6.380553559963117 1 0
1 -3.509095685161583 6.379857763000957 1 0
1 -3.509095662982812 6.3798577155038885 1 0
1 -3.3786206843994995 6.1059135829875375 1 0
1 -3.179451783015913 5.647294119911536 1 0
1 -2.980282805429455 5.188674793628993 1 0
1 -2.781113950887038 4.730055278836678 1 0
1 -2.5819449228738494 4.271436007194102 1 0
1 -2.3827761286651636 3.812816435748576 1 0
1 -2.1836070559257554 3.3541972115441574 1 0
1 -1.9844383158223233 2.8955775916061275 1 0
1 -1.785269206658886 2.436958405063553 1 0
1 -1.5861005118751148 1.9783387472217817 1 0
1 -1.3869313767399776 1.5197195865448345 1 0
1 -1.2435973996678298 1.1413921391913031 1 0
1 -1.2456196600038756 1.1420491914997102 1 0
1 -1.2456196489183324 1.1420491687434866 1 0
1 -1.2456196378727138 1.1420491462072435 1 0
1 -1.2456196268260498 1.1420491236698371 1 0
1 -1.2456196157780406 1.142049101129684 1 0
1 -1.245619604728689 1.14204907858678 1 0
1 -1.245619593677997 1.1420490560411327 1 0
1 -1.2456195826259693 1.1420490334927487 1 0
1 -1.2456195715726093 1.1420490109416348 1 0
1 -1.2456195605179197 1.1420489883877998 1 0
1 -1.245619549461905 1.1420489658312494 1 0
1 -1.2456195384045676 1.1420489432719911 1 0
1 -1.245619527345911 1.1420489207100326 1 0
1 -1.2456195162859398 1.14204889814538 1 0
1 -1.2456195052246573 1.1420488755780411 1 0
1 -1.2456194941620655 1.1420488530080226 1 0
1 -1.245619483098169 1.142048830435331 1 0
1 -1.2456194720329723 1.1420488078599744 1 0
1 -1.245619460966477 1.142048785281959 1 0
1 -1.2456194498986872 1.1420487627012925 1 0
1 -1.2456194388296056 1.142048740117981 1 0
1 -1.2456194277592365 1.1420487175320322 1 0
1 -1.2456194166875827 1.1420486949434527 1 0
1 -1.2456194056146477 1.1420486723522492 1 0
1 -1.245619394540436 1.1420486497584288 1 0
1 -1.2456193834649492 1.1420486271619983 1 0
1 -1.2456193723881905 1.1420486045629645 1 0
1 -1.2456193613101658 1.1420485819613344 1 0
1 -1.2456193502308759 1.142048559357114 1 0
1 -1.2456193391503243 1.1420485367503113 1 0
1 -1.2456193280685155 1.1420485141409324 1 0
1 -1.2456193169854517 1.142048491528984 1 0
1 -1.245619305901137 1.1420484689144732 1 0
1 -1.2456192948155747 1.1420484462974065 1 0
1 -1.2456192837287676 1.142048423677791 1 0
1 -1.2456192726407194 1.1420484010556324 1 0
1 -1.2456192615514325 1.142048378430938 1 0
1 -1.2456192504609107 1.1420483558037149 1 0
1 -1.2456192393691574 1.1420483331739693 1 0
1 -1.2456192282761758 1.1420483105417074 1 0
1 -1.2456192171819689 1.1420482879069365 1 0
1 -1.2456192060865403 1.1420482652696622 1 0
1 -1.2456191949898923 1.142048242629893 1 0
1 -1.2456191838920292 1.1420482199876323 1 0
1 -1.2456191727929529 1.1420481973428909 1 0
1 -1.2456191616926682 1.142048174695672 1 0
1 -1.2456191505911782 1.1420481520459833 1 0
1 -1.2456191394884848 1.1420481293938312 1 0
1 -1.2456191283845919 1.142048106739222 1 0
1 -1.2456191172795021 1.1420480840821627 1 0
1 -1.2456191061732191 1.1420480614226585 1 0
1 -1.245619095065745 1.1420480387607164 1 0
1 -1.2456190839570844 1.1420480160963433 1 0
1 -1.2456190728472394 1.142047993429544 1 0
1 -1.245619061736214 1.1420479707603268 1 0
1 -1.24561905062401 1.1420479480886971 1 0
1 -1.2456190395106312 1.1420479254146612 1 0
1 -1.2456190283960797 1.142047902738225 1 0
1 -1.2456190172803616 1.1420478800593963 1 0
1 -1.2456190061634764 1.1420478573781796 1 0
1 -1.245618995045429 1.142047834694582 1 0
1 -1.2456189839262222 1.1420478120086093 1 0
1 -1.2456189728058593 1.1420477893202687 1 0
1 -1.2456189616843427 1.1420477666295652 1 0
1 -1.245618950561676 1.142047743936506 1 0
1 -1.2456189394378616 1.1420477212410967 1 0
1 -1.2456189283129033 1.1420476985433434 1 0
1 -1.2456189171868024 1.142047675843253 1 0
1 -1.2456189060595646 1.1420476531408317 1 0
1 -1.2456188949311908 1.1420476304360838 1 0
1 -1.2456188838016846 1.1420476077290194 1 0
1 -1.2456188726710486 1.1420475850196417 1 0
1 -1.2456188615392865 1.1420475623079558 1 0
1 -1.2456188504064012 1.1420475395939682 1 0
1 -1.2456188392723955 1.1420475168776851 1 0
1 -1.2456188281372715 1.1420474941591137 1 0
1 -1.2456188170010334 1.14204747143826 1 0
1 -1.2456188058636828 1.142047448715128 1 0
1 -1.2456187947252246 1.142047425989726 1 0
1 -1.2456187835856594 1.1420474032620587 1 0
1 -1.2456187724449923 1.1420473805321323 1 0
1 -1.245618761303224 1.1420473577999517 1 0
1 -1.2456187501603586 1.1420473350655251 1 0
1 -1.2456187390163986 1.1420473123288564 1 0
1 -1.245618727871347 1.1420472895899523 1 0
1 -1.2456187167252066 1.142047266848818 1 0
1 -1.24561870557798 1.1420472441054605 1 0
1 -1.2456186944296714 1.142047221359884 1 0
1 -1.2456186832802825 1.142047198612096 1 0
1 -1.2456186721298157 1.1420471758621005 1 0
1 -1.2456186609782742 1.1420471531099057 1 0
1 -1.245618649825662 1.142047130355515 1 0
1 -1.2456186386719805 1.1420471075989354 1 0
1 -1.2456186275172327 1.142047084840173 1 0
1 -1.2456186163614222 1.142047062079232 1 0
1 -1.2456186052045504 1.1420470393161195 1 0
1 -1.2456185940466211 1.142047016550841 1 0
1 -1.2456185828876376 1.1420469937834008 1 0
1 -1.2456185717276016 1.1420469710138068 1 0
1 -1.2456185605665167 1.1420469482420632 1 0
1 -1.2456185494043845 1.1420469254681767 1 0
