1 0.5 0.865 1 0
1 -0.4999999390776985 0.8650000379262301 1 0
1 -0.4999999204810953 0.8650000379770001 1 0
1 -0.4999999018846822 0.8650000380277695 1 0
1 -0.4999998832884582 0.8650000380785384 1 0
1 -0.4999998646924227 0.8650000381293068 1 0
1 -0.49999984609657483 0.8650000381800746 1 0
1 -0.4999998275009139 0.865000038230842 1 0
1 -0.4999998089054391 0.865000038281609 1 0
1 -0.4999997903101498 0.8650000383323753 1 0
1 -0.49999977171504506 0.865000038383141 1 0
1 -0.49999975312012424 0.8650000384339065 1 0
1 -0.49999973452538654 0.8650000384846712 1 0
1 -0.4999997159308312 0.8650000385354356 1 0
1 -0.4999996973364576 0.8650000385861996 1 0
1 -0.4999996787422649 0.8650000386369628 1 0
1 -0.4999996601482524 0.8650000386877257 1 0
1 -0.4999996415544193 0.8650000387384882 1 0
1 -0.4999996229607648 0.86500003878925 1 0
1 -0.4999996043672883 0.8650000388400114 1 0
1 -0.49999958577398906 0.8650000388907724 1 0
1 -0.4999995671808663 0.8650000389415329 1 0
1 -0.49999954858791945 0.8650000389922928 1 0
1 -0.49999952999514785 0.8650000390430523 1 0
1 -0.49999951140255045 0.8650000390938113 1 0
1 -0.4999994928101268 0.8650000391445699 1 0
1 -0.4999994742178761 0.8650000391953281 1 0
1 -0.4999994556257977 0.8650000392460857 1 0
1 -0.49999943703389066 0.865000039296843 1 0
1 -0.4999994184421547 0.8650000393475996 1 0
1 -0.4999993998505888 0.8650000393983559 1 0
1 -0.4999993812591924 0.8650000394491116 1 0
1 -0.49999936266796485 0.8650000394998669 1 0
1 -0.49999934407690544 0.8650000395506219 1 0
1 -0.4999993254860134 0.8650000396013762 1 0
1 -0.49999930689528815 0.8650000396521302 1 0
1 -0.49999928830472884 0.8650000397028837 1 0
1 -0.49999926971433495 0.8650000397536368 1 0
1 -0.4999992511241057 0.8650000398043894 1 0
1 -0.49999923253404066 0.8650000398551416 1 0
1 -0.10042647719894404 0.8435008580942176 1 0
1 0.39929773139393565 0.8269029542627586 1 0
1 0.8387775140647926 0.8069458550491866 1 0
1 0.8394045392653817 0.8064762153293421 1 0
1 0.8394049231934879 0.8064762502370676 1 0
1 0.8394052126344287 0.80647627669232 1 0
1 0.8394054311320833 0.806476297152739 1 0
1 0.8394055962754838 0.8064763131128653 1 0
1 0.8394057212904011 0.8064763256894619 1 0
1 0.8394058161231006 0.8064763357220748 1 0
1 0.8394056325118697 0.8064753927979008 1 0
1 0.8394055813720205 0.8064751041517366 1 0
1 0.8394056813269755 0.8064757163602578 1 0
1 0.8394057428020216 0.806475716238792 1 0
1 0.8328012558981275 0.8135448235381898 1 0
1 0.832814771707526 0.8076686049480221 1 0
1 0.8362058508263226 0.8092723122130638 1 0
1 0.836205004996827 0.8092724606550141 1 0
1 0.836204656550444 0.809272429442037 1 0
1 0.8362051855752033 0.8092723020730279 1 0
1 0.8362051902350416 0.809272348332582 1 0
1 0.8362051951323435 0.8092723954701064 1 0
1 0.9042634456251282 1.2405811435199563 1 0
1 0.9687549038891052 1.7364044860032664 1 0
1 1.0332478545833208 2.2322276317458716 1 0
1 1.0977393248608986 2.728050922699893 1 0
1 1.1622327629464448 3.2238740841597435 1 0
1 1.2267254310184879 3.7196973064079595 1 0
1 1.2405668220500572 3.843852674217584 1 0
1 1.2405659975084513 3.843852821518923 1 0
1 1.2405653056082087 3.8438529296308683 1 0
1 1.2405649270911658 3.843853011490337 1 0
1 1.240565337961227 3.8438527833623546 1 0
1 1.2405653418279647 3.8438528276558417 1 0
1 1.2405653470987914 3.843852877322284 1 0
1 1.2405653523696072 3.8438529269059094 1 0
1 1.2405653576248976 3.8438529763445226 1 0
1 1.2405653628645588 3.843853025638041 1 0
1 1.2405653680886528 3.843853074787047 1 0
1 1.2405653732972415 3.843853123792127 1 0
1 1.2405653784903894 3.8438531726538683 1 0
1 1.2405693682889065 3.843808232353017 1 0
1 1.2319807536631546 3.837267346185407 1 0
1 1.2404566801353842 3.837267142612305 1 0
1 1.2404528520025488 3.842546509970939 1 0
1 1.2392857245129154 3.854363044077232 1 0
1 1.2392856823831915 3.8543630300972707 1 0
1 1.239285637676121 3.854363015913826 1 0
1 1.2392855929880728 3.8543630017410555 1 0
1 0.8197936372573948 3.72226283757281 1 0
1 0.33970815266044574 3.582556285596067 1 0
1 -0.14037753532789626 3.442849799942091 1 0
1 -0.6204627534702235 3.303142683783391 1 0
1 -1.1005483878737792 3.163436100107078 1 0
1 -1.5806336308143827 3.023728971576265 1 0
1 -2.060719203371389 2.884022281994077 1 0
1 -2.540804481319883 2.744315157021176 1 0
1 -3.0208899849564066 2.6046083535849123 1 0
1 -3.5009753054865724 2.464901244979587 1 0
1 -3.981060735811286 2.32519432259883 1 0
1 -4.461146103562017 2.185487239739569 1 0
1 -4.7124785860504295 2.1350971839047896 1 0
1 -4.712478700928715 2.13509701113872 1 0
1 -4.712478694657946 2.1350961696009345 1 0
1 -4.712479119572797 2.1350956936603147 1 0
1 -4.712479646440261 2.1350959828603493 1 0
1 -4.712479645891351 2.1350959825019125 1 0
1 -4.712479647635254 2.135095981834601 1 0
1 -4.708228359704003 2.1346245000687167 1 0
1 -4.7082148761328115 2.1354820458456807 1 0
1 -4.714922241495621 2.1354779549125444 1 0
1 -4.759072004355967 2.1354760690023173 1 0
1 -4.762268545288144 2.1349745060855065 1 0
1 -4.761037385624047 2.120261901111527 1 0
1 -4.761037929032903 2.1202635973889468 1 0
1 -4.7610378896419885 2.1202636087286306 1 0
1 -4.761037849900216 2.120263620091037 1 0
1 -4.761037810187362 2.1202636314445233 1 0
1 -4.76103777050677 2.120263642788828 1 0
1 -4.76103773085836 2.120263654123983 1 0
1 -4.761037691242012 2.12026366545002 1 0
1 -4.377658737466641 2.2292651601665643 1 0
1 -3.8938102042268135 2.3553244893906884 1 0
1 -3.4099610978006423 2.481381395743333 1 0
1 -2.926112662478763 2.6074410167885 1 0
1 -2.4422640367483694 2.733498788013688 1 0
1 -1.9584153780871063 2.85955719385075 1 0
1 -1.4745666551288523 2.9856146705418407 1 0
1 -0.9907180486024089 3.111672454457807 1 0
1 -0.9154181699562094 3.110503308532291 1 0
1 -0.9154182193606615 3.110504469510494 1 0
1 -0.9154181209876642 3.1105047982997984 1 0
1 -0.9154180311729326 3.110505077640682 1 0
1 -0.9154179471027066 3.1105053166826577 1 0
1 -0.9079274789193995 3.134204009669487 1 0
1 -0.9078920954734748 3.1397996080537967 1 0
1 -0.904092203017274 3.1398004290511707 1 0
1 -0.9042234672915292 3.1408588913463955 1 0
1 -0.9042231033031694 3.1408589631246766 1 0
1 -1.0154283822660108 2.8115436471458635 1 0
1 -1.1500684079735453 2.330012810726262 1 0
1 -1.2847090408896915 1.8484818863172552 1 0
1 -1.4193491288074738 1.36695109514802 1 0
1 -1.553989947387978 0.8854201953830716 1 0
1 -1.6886300806807475 0.4038894420144202 1 0
1 -1.7560287297830313 0.13126073256553472 1 0
1 -1.756028440519196 0.1312606440925651 1 0
1 -1.7560282217792211 0.13126057642075528 1 0
1 -1.7560280374166577 0.13126052073863403 1 0
1 -1.7560277825682304 0.1312608560334655 1 0
1 -1.746433081778578 0.13631108672521441 1 0
1 -1.7627150722418654 0.13631560250948693 1 0
1 -1.762713665271336 0.13458395357282338 1 0
1 -1.761710675357483 0.11669271545211601 1 0
1 -1.7427054123688708 0.1303836885504377 1 0
1 -1.2898396699724393 0.28607384027047233 1 0
1 -0.815771882642633 0.44500723926883645 1 0
1 -0.3417043275884937 0.6039410005372721 1 0
1 0.1323633972002829 0.7628744606726772 1 0
1 0.606431030842993 0.9218081164318468 1 0
1 1.080498688429401 1.0807416469822815 1 0
1 1.5545664019574326 1.2396751936410833 1 0
1 1.960510959205954 1.3544754199640598 1 0
1 1.9618197198051681 1.3527728341576102 1 0
1 1.96181980699417 1.3527731067559041 1 0
1 1.9618205136688984 1.352773531556473 1 0
1 1.9585955767103718 1.3537595670537494 1 0
1 1.958919308509985 1.352489280250725 1 0
1 1.9734966539628278 1.3524950312954438 1 0
1 2.012637824539212 1.3524914477292258 1 0
1 2.0124127043570406 1.352582760712675 1 0
1 2.0124126129928532 1.3525823842592524 1 0
1 1.7929194448783634 1.5450513059803401 1 0
1 1.409956706784625 1.8665158082463253 1 0
1 1.0269942911243222 2.187981035420542 1 0
1 0.6440316346959756 2.5094457016997023 1 0
1 0.2610692102540668 2.8309108696205207 1 0
1 -0.12189341173050527 3.152375628234571 1 0
1 -0.5048558505299244 3.4738407249967684 1 0
1 -0.8878184329049719 3.7953055858859157 1 0
1 -1.2707808900451432 4.1167706043620065 1 0
1 -1.65374342901345 4.4382355729849 1 0
1 -2.03670590691745 4.759700510782146 1 0
1 -2.419668400281658 5.08116558781009 1 0
1 -2.8026308996651896 5.402630447420968 1 0
1 -3.1855933469292763 5.7240956287138225 1 0
1 -3.568555866726165 6.045560417444132 1 0
1 -3.9515182691252573 6.367025694246876 1 0
1 -4.3344808065493625 6.6884904238028815 1 0
1 -4.717443166941342 7.009955783275067 1 0
1 -4.985955200180784 7.235298415095093 1 0
1 -4.984327465896391 7.23399798097824 1 0
1 -4.984327469428423 7.23399798382435 1 0
1 -4.984327472826393 7.233997986497052 1 0
1 -4.984327476222821 7.233997989168159 1 0
1 -4.982673004821622 7.22665347786995 1 0
1 -4.9826781472120505 7.217141837772864 1 0
1 -4.982678988651649 7.245462214902752 1 0
1 -4.983831933252181 7.245559152813417 1 0
1 -5.007506898962659 7.245553559963117 1 0
1 -5.009095685161583 7.244857763000957 1 0
1 -5.009095662982812 7.244857715503889 1 0
1 -4.8786206843994995 6.970913582987538 1 0
1 -4.679451783015913 6.5122941199115365 1 0
1 -4.4802828054294555 6.053674793628994 1 0
1 -4.281113950887038 5.5950552788366785 1 0
1 -4.081944922873849 5.136436007194102 1 0
1 -3.8827761286651636 4.677816435748576 1 0
1 -3.6836070559257554 4.219197211544158 1 0
1 -3.4844383158223233 3.7605775916061273 1 0
1 -3.285269206658886 3.3019584050635533 1 0
1 -3.086100511875115 2.8433387472217815 1 0
1 -2.8869313767399776 2.3847195865448345 1 0
1 -2.74359739966783 2.006392139191303 1 0
1 -2.7456196600038756 2.00704919149971 1 0
1 -2.7456196489183324 2.0070491687434866 1 0
1 -2.745619637872714 2.0070491462072435 1 0
1 -2.7456196268260498 2.0070491236698373 1 0
1 -2.7456196157780406 2.007049101129684 1 0
1 -2.745619604728689 2.00704907858678 1 0
1 -2.745619593677997 2.007049056041133 1 0
1 -2.7456195826259693 2.0070490334927484 1 0
1 -2.7456195715726093 2.0070490109416346 1 0
1 -2.7456195605179197 2.0070489883877998 1 0
1 -2.745619549461905 2.0070489658312494 1 0
1 -2.7456195384045676 2.0070489432719913 1 0
1 -2.745619527345911 2.007048920710033 1 0
1 -2.74561951628594 2.00704889814538 1 0
1 -2.7456195052246573 2.0070488755780413 1 0
1 -2.7456194941620655 2.0070488530080226 1 0
1 -2.745619483098169 2.007048830435331 1 0
1 -2.7456194720329723 2.0070488078599746 1 0
1 -2.745619460966477 2.0070487852819587 1 0
1 -2.7456194498986872 2.0070487627012925 1 0
1 -2.7456194388296056 2.0070487401179813 1 0
1 -2.7456194277592365 2.007048717532032 1 0
1 -2.7456194166875827 2.0070486949434527 1 0
1 -2.7456194056146477 2.007048672352249 1 0
1 -2.745619394540436 2.0070486497584286 1 0
1 -2.745619383464949 2.007048627161998 1 0
1 -2.7456193723881905 2.0070486045629643 1 0
1 -2.745619361310166 2.0070485819613344 1 0
1 -2.745619350230876 2.0070485593571137 1 0
1 -2.7456193391503243 2.007048536750311 1 0
1 -2.7456193280685155 2.0070485141409327 1 0
1 -2.7456193169854517 2.007048491528984 1 0
1 -2.745619305901137 2.007048468914473 1 0
1 -2.7456192948155747 2.0070484462974063 1 0
1 -2.7456192837287676 2.007048423677791 1 0
1 -2.7456192726407194 2.0070484010556324 1 0
1 -2.7456192615514325 2.0070483784309383 1 0
1 -2.7456192504609107 2.0070483558037147 1 0
1 -2.7456192393691574 2.0070483331739695 1 0
1 -2.7456192282761758 2.007048310541707 1 0
1 -2.745619217181969 2.0070482879069367 1 0
1 -2.7456192060865403 2.0070482652696624 1 0
1 -2.7456191949898923 2.0070482426298932 1 0
1 -2.745619183892029 2.0070482199876323 1 0
1 -2.745619172792953 2.0070481973428906 1 0
1 -2.745619161692668 2.0070481746956723 1 0
1 -2.7456191505911782 2.007048152045983 1 0
1 -2.745619139488485 2.007048129393831 1 0
1 -2.745619128384592 2.007048106739222 1 0
1 -2.745619117279502 2.0070480840821627 1 0
1 -2.745619106173219 2.0070480614226582 1 0
1 -2.745619095065745 2.0070480387607166 1 0
1 -2.7456190839570844 2.007048016096343 1 0
1 -2.7456190728472394 2.007047993429544 1 0
1 -2.745619061736214 2.007047970760327 1 0
1 -2.74561905062401 2.0070479480886974 1 0
1 -2.7456190395106312 2.0070479254146614 1 0
1 -2.7456190283960797 2.007047902738225 1 0
1 -2.7456190172803616 2.007047880059396 1 0
1 -2.7456190061634764 2.0070478573781796 1 0
1 -2.745618995045429 2.007047834694582 1 0
1 -2.745618983926222 2.0070478120086093 1 0
1 -2.7456189728058593 2.0070477893202687 1 0
1 -2.7456189616843427 2.007047766629565 1 0
1 -2.745618950561676 2.007047743936506 1 0
1 -2.7456189394378616 2.0070477212410966 1 0
1 -2.7456189283129033 2.007047698543343 1 0
1 -2.7456189171868024 2.007047675843253 1 0
1 -2.7456189060595646 2.0070476531408317 1 0
1 -2.745618894931191 2.007047630436084 1 0
1 -2.7456188838016846 2.007047607729019 1 0
1 -2.7456188726710486 2.0070475850196416 1 0
1 -2.7456188615392865 2.007047562307956 1 0
1 -2.745618850406401 2.007047539593968 1 0
1 -2.7456188392723955 2.007047516877685 1 0
1 -2.7456188281372715 2.0070474941591137 1 0
1 -2.7456188170010334 2.00704747143826 1 0
1 -2.745618805863683 2.007047448715128 1 0
1 -2.7456187947252246 2.007047425989726 1 0
1 -2.7456187835856594 2.0070474032620584 1 0
1 -2.7456187724449923 2.007047380532132 1 0
1 -2.745618761303224 2.0070473577999515 1 0
1 -2.7456187501603586 2.007047335065525 1 0
1 -2.7456187390163986 2.007047312328856 1 0
1 -2.745618727871347 2.007047289589952 1 0
1 -2.7456187167252066 2.0070472668488177 1 0
1 -2.74561870557798 2.0070472441054603 1 0
1 -2.7456186944296714 2.0070472213598842 1 0
1 -2.7456186832802825 2.0070471986120957 1 0
1 -2.7456186721298157 2.0070471758621005 1 0
1 -2.7456186609782742 2.0070471531099057 1 0
1 -2.745618649825662 2.007047130355515 1 0
1 -2.7456186386719805 2.007047107598935 1 0
1 -2.7456186275172327 2.007047084840173 1 0
1 -2.7456186163614222 2.007047062079232 1 0
1 -2.7456186052045504 2.0070470393161193 1 0
1 -2.745618594046621 2.0070470165508407 1 0
1 -2.7456185828876376 2.007046993783401 1 0
1 -2.7456185717276016 2.007046971013807 1 0
1 -2.7456185605665167 2.0070469482420634 1 0
1 -2.7456185494043845 2.0070469254681766 1 0
