1 -0.5 -0.865 1 0
1 -0.4999999390776985 -0.8649999620737698 1 0
1 -0.4999999204810953 -0.8649999620229999 1 0
1 -0.4999999018846822 -0.8649999619722305 1 0
1 -0.4999998832884582 -0.8649999619214616 1 0
1 -0.4999998646924227 -0.8649999618706932 1 0
1 -0.49999984609657483 -0.8649999618199253 1 0
1 -0.4999998275009139 -0.8649999617691579 1 0
1 -0.4999998089054391 -0.864999961718391 1 0
1 -0.4999997903101498 -0.8649999616676247 1 0
1 -0.49999977171504506 -0.864999961616859 1 0
1 -0.49999975312012424 -0.8649999615660935 1 0
1 -0.49999973452538654 -0.8649999615153288 1 0
1 -0.4999997159308312 -0.8649999614645644 1 0
1 -0.4999996973364576 -0.8649999614138004 1 0
1 -0.4999996787422649 -0.8649999613630371 1 0
1 -0.4999996601482524 -0.8649999613122743 1 0
1 -0.4999996415544193 -0.8649999612615118 1 0
1 -0.4999996229607648 -0.86499996121075 1 0
1 -0.4999996043672883 -0.8649999611599886 1 0
1 -0.49999958577398906 -0.8649999611092276 1 0
1 -0.4999995671808663 -0.8649999610584671 1 0
1 -0.49999954858791945 -0.8649999610077072 1 0
1 -0.49999952999514785 -0.8649999609569476 1 0
1 -0.49999951140255045 -0.8649999609061887 1 0
1 -0.4999994928101268 -0.8649999608554301 1 0
1 -0.4999994742178761 -0.8649999608046719 1 0
1 -0.4999994556257977 -0.8649999607539143 1 0
1 -0.49999943703389066 -0.864999960703157 1 0
1 -0.4999994184421547 -0.8649999606524004 1 0
1 -0.4999993998505888 -0.8649999606016441 1 0
1 -0.4999993812591924 -0.8649999605508883 1 0
1 -0.49999936266796485 -0.8649999605001331 1 0
1 -0.49999934407690544 -0.8649999604493781 1 0
1 -0.4999993254860134 -0.8649999603986238 1 0
1 -0.49999930689528815 -0.8649999603478697 1 0
1 -0.49999928830472884 -0.8649999602971162 1 0
1 -0.49999926971433495 -0.8649999602463632 1 0
1 -0.4999992511241057 -0.8649999601956105 1 0
1 -0.49999923253404066 -0.8649999601448584 1 0
1 -0.10042647719894404 -0.8864991419057824 1 0
1 0.39929773139393565 -0.9030970457372414 1 0
1 0.8387775140647926 -0.9230541449508134 1 0
1 0.8394045392653817 -0.9235237846706579 1 0
1 0.8394049231934879 -0.9235237497629324 1 0
1 0.8394052126344287 -0.92352372330768 1 0
1 0.8394054311320833 -0.9235237028472609 1 0
1 0.8394055962754838 -0.9235236868871347 1 0
1 0.8394057212904011 -0.9235236743105381 1 0
1 0.8394058161231006 -0.9235236642779252 1 0
1 0.8394056325118697 -0.9235246072020992 1 0
1 0.8394055813720205 -0.9235248958482634 1 0
1 0.8394056813269755 -0.9235242836397421 1 0
1 0.8394057428020216 -0.923524283761208 1 0
1 0.8328012558981275 -0.9164551764618102 1 0
1 0.832814771707526 -0.9223313950519779 1 0
1 0.8362058508263226 -0.9207276877869361 1 0
1 0.836205004996827 -0.9207275393449859 1 0
1 0.836204656550444 -0.920727570557963 1 0
1 0.8362051855752033 -0.9207276979269721 1 0
1 0.8362051902350416 -0.920727651667418 1 0
1 0.8362051951323435 -0.9207276045298936 1 0
1 0.9042634456251282 -0.4894188564800437 1 0
1 0.9687549038891052 0.006404486003266374 1 0
1 1.0332478545833208 0.5022276317458714 1 0
1 1.0977393248608986 0.998050922699893 1 0
1 1.1622327629464448 1.4938740841597438 1 0
1 1.2267254310184879 1.9896973064079597 1 0
1 1.2405668220500572 2.1138526742175836 1 0
1 1.2405659975084513 2.1138528215189227 1 0
1 1.2405653056082087 2.113852929630868 1 0
1 1.2405649270911658 2.1138530114903364 1 0
1 1.240565337961227 2.113852783362354 1 0
1 1.2405653418279647 2.113852827655842 1 0
1 1.2405653470987914 2.1138528773222838 1 0
1 1.2405653523696072 2.11385292690591 1 0
1 1.2405653576248976 2.113852976344523 1 0
1 1.2405653628645588 2.113853025638041 1 0
1 1.2405653680886528 2.1138530747870474 1 0
1 1.2405653732972415 2.1138531237921274 1 0
1 1.2405653784903894 2.113853172653868 1 0
1 1.2405693682889065 2.1138082323530165 1 0
1 1.2319807536631546 2.1072673461854077 1 0
1 1.2404566801353842 2.1072671426123044 1 0
1 1.2404528520025488 2.1125465099709384 1 0
1 1.2392857245129154 2.1243630440772314 1 0
1 1.2392856823831915 2.1243630300972702 1 0
1 1.239285637676121 2.1243630159138256 1 0
1 1.2392855929880728 2.124363001741056 1 0
1 0.8197936372573948 1.9922628375728102 1 0
1 0.33970815266044574 1.8525562855960669 1 0
1 -0.14037753532789626 1.7128497999420909 1 0
1 -0.6204627534702235 1.5731426837833908 1 0
1 -1.1005483878737792 1.4334361001070783 1 0
1 -1.5806336308143827 1.2937289715762652 1 0
1 -2.060719203371389 1.154022281994077 1 0
1 -2.540804481319883 1.0143151570211757 1 0
1 -3.0208899849564066 0.8746083535849121 1 0
1 -3.5009753054865724 0.7349012449795873 1 0
1 -3.981060735811286 0.5951943225988303 1 0
1 -4.461146103562017 0.45548723973956906 1 0
1 -4.7124785860504295 0.40509718390478966 1 0
1 -4.712478700928715 0.4050970111387202 1 0
1 -4.712478694657946 0.40509616960093453 1 0
1 -4.712479119572797 0.4050956936603145 1 0
1 -4.712479646440261 0.40509598286034953 1 0
1 -4.712479645891351 0.4050959825019125 1 0
1 -4.712479647635254 0.4050959818346007 1 0
1 -4.708228359704003 0.404624500068717 1 0
1 -4.7082148761328115 0.4054820458456807 1 0
1 -4.714922241495621 0.4054779549125447 1 0
1 -4.759072004355967 0.40547606900231714 1 0
1 -4.762268545288144 0.4049745060855068 1 0
1 -4.761037385624047 0.3902619011115269 1 0
1 -4.761037929032903 0.3902635973889468 1 0
1 -4.7610378896419885 0.3902636087286304 1 0
1 -4.761037849900216 0.3902636200910372 1 0
1 -4.761037810187362 0.39026363144452336 1 0
1 -4.76103777050677 0.3902636427888282 1 0
1 -4.76103773085836 0.3902636541239828 1 0
1 -4.761037691242012 0.3902636654500198 1 0
1 -4.377658737466641 0.4992651601665643 1 0
1 -3.8938102042268135 0.6253244893906882 1 0
1 -3.4099610978006423 0.7513813957433331 1 0
1 -2.926112662478763 0.8774410167885003 1 0
1 -2.4422640367483694 1.0034987880136879 1 0
1 -1.9584153780871063 1.1295571938507498 1 0
1 -1.4745666551288523 1.2556146705418405 1 0
1 -0.9907180486024089 1.3816724544578067 1 0
1 -0.9154181699562094 1.3805033085322906 1 0
1 -0.9154182193606615 1.3805044695104944 1 0
1 -0.9154181209876642 1.3805047982997987 1 0
1 -0.9154180311729326 1.380505077640682 1 0
1 -0.9154179471027066 1.3805053166826575 1 0
1 -0.9079274789193995 1.4042040096694872 1 0
1 -0.9078920954734748 1.409799608053797 1 0
1 -0.904092203017274 1.4098004290511705 1 0
1 -0.9042234672915292 1.4108588913463953 1 0
1 -0.9042231033031694 1.4108589631246764 1 0
1 -1.0154283822660108 1.0815436471458637 1 0
1 -1.1500684079735453 0.6000128107262619 1 0
1 -1.2847090408896915 0.1184818863172552 1 0
1 -1.4193491288074738 -0.36304890485198016 1 0
1 -1.553989947387978 -0.8445798046169284 1 0
1 -1.6886300806807475 -1.3261105579855799 1 0
1 -1.7560287297830313 -1.5987392674344654 1 0
1 -1.756028440519196 -1.5987393559074348 1 0
1 -1.7560282217792211 -1.5987394235792447 1 0
1 -1.7560280374166577 -1.5987394792613658 1 0
1 -1.7560277825682304 -1.5987391439665344 1 0
1 -1.746433081778578 -1.5936889132747856 1 0
1 -1.7627150722418654 -1.593684397490513 1 0
1 -1.762713665271336 -1.5954160464271765 1 0
1 -1.761710675357483 -1.613307284547884 1 0
1 -1.7427054123688708 -1.5996163114495623 1 0
1 -1.2898396699724393 -1.4439261597295276 1 0
1 -0.815771882642633 -1.2849927607311635 1 0
1 -0.3417043275884937 -1.126058999462728 1 0
1 0.1323633972002829 -0.9671255393273228 1 0
1 0.606431030842993 -0.8081918835681532 1 0
1 1.080498688429401 -0.6492583530177185 1 0
1 1.5545664019574326 -0.49032480635891673 1 0
1 1.960510959205954 -0.37552458003594025 1 0
1 1.9618197198051681 -0.37722716584238974 1 0
1 1.96181980699417 -0.3772268932440958 1 0
1 1.9618205136688984 -0.3772264684435268 1 0
1 1.9585955767103718 -0.3762404329462506 1 0
1 1.958919308509985 -0.3775107197492751 1 0
1 1.9734966539628278 -0.3775049687045563 1 0
1 2.012637824539212 -0.37750855227077423 1 0
1 2.0124127043570406 -0.37741723928732507 1 0
1 2.0124126129928532 -0.37741761574074756 1 0
1 1.7929194448783634 -0.18494869401965974 1 0
1 1.409956706784625 0.13651580824632537 1 0
1 1.0269942911243222 0.4579810354205418 1 0
1 0.6440316346959756 0.7794457016997021 1 0
1 0.2610692102540668 1.1009108696205205 1 0
1 -0.12189341173050527 1.4223756282345714 1 0
1 -0.5048558505299244 1.7438407249967682 1 0
1 -0.8878184329049719 2.065305585885916 1 0
1 -1.2707808900451432 2.386770604362006 1 0
1 -1.65374342901345 2.7082355729848997 1 0
1 -2.03670590691745 3.0297005107821464 1 0
1 -2.419668400281658 3.3511655878100894 1 0
1 -2.8026308996651896 3.6726304474209677 1 0
1 -3.1855933469292763 3.994095628713822 1 0
1 -3.568555866726165 4.315560417444131 1 0
1 -3.9515182691252573 4.6370256942468755 1 0
1 -4.3344808065493625 4.958490423802881 1 0
1 -4.717443166941342 5.279955783275066 1 0
1 -4.985955200180784 5.505298415095092 1 0
1 -4.984327465896391 5.50399798097824 1 0
1 -4.984327469428423 5.50399798382435 1 0
1 -4.984327472826393 5.503997986497051 1 0
1 -4.984327476222821 5.503997989168159 1 0
1 -4.982673004821622 5.496653477869949 1 0
1 -4.9826781472120505 5.487141837772864 1 0
1 -4.982678988651649 5.515462214902752 1 0
1 -4.983831933252181 5.515559152813417 1 0
1 -5.007506898962659 5.5155535599631165 1 0
1 -5.009095685161583 5.514857763000957 1 0
1 -5.009095662982812 5.514857715503888 1 0
1 -4.8786206843994995 5.240913582987537 1 0
1 -4.679451783015913 4.782294119911536 1 0
1 -4.4802828054294555 4.323674793628993 1 0
1 -4.281113950887038 3.865055278836678 1 0
1 -4.081944922873849 3.4064360071941016 1 0
1 -3.8827761286651636 2.9478164357485763 1 0
1 -3.6836070559257554 2.489197211544157 1 0
1 -3.4844383158223233 2.0305775916061277 1 0
1 -3.285269206658886 1.571958405063553 1 0
1 -3.086100511875115 1.1133387472217817 1 0
1 -2.8869313767399776 0.6547195865448345 1 0
1 -2.74359739966783 0.2763921391913031 1 0
1 -2.7456196600038756 0.2770491914997102 1 0
1 -2.7456196489183324 0.2770491687434866 1 0
1 -2.745619637872714 0.2770491462072435 1 0
1 -2.7456196268260498 0.27704912366983714 1 0
1 -2.7456196157780406 0.27704910112968406 1 0
1 -2.745619604728689 0.2770490785867801 1 0
1 -2.745619593677997 0.2770490560411327 1 0
1 -2.7456195826259693 0.2770490334927487 1 0
1 -2.7456195715726093 0.2770490109416348 1 0
1 -2.7456195605179197 0.2770489883877998 1 0
1 -2.745619549461905 0.2770489658312494 1 0
1 -2.7456195384045676 0.27704894327199114 1 0
1 -2.745619527345911 0.2770489207100326 1 0
1 -2.74561951628594 0.27704889814538003 1 0
1 -2.7456195052246573 0.27704887557804114 1 0
1 -2.7456194941620655 0.2770488530080226 1 0
1 -2.745619483098169 0.2770488304353309 1 0
1 -2.7456194720329723 0.27704880785997443 1 0
1 -2.745619460966477 0.277048785281959 1 0
1 -2.7456194498986872 0.27704876270129253 1 0
1 -2.7456194388296056 0.2770487401179811 1 0
1 -2.7456194277592365 0.2770487175320322 1 0
1 -2.7456194166875827 0.27704869494345274 1 0
1 -2.7456194056146477 0.27704867235224917 1 0
1 -2.745619394540436 0.2770486497584288 1 0
1 -2.745619383464949 0.2770486271619983 1 0
1 -2.7456193723881905 0.27704860456296454 1 0
1 -2.745619361310166 0.2770485819613344 1 0
1 -2.745619350230876 0.2770485593571139 1 0
1 -2.7456193391503243 0.27704853675031127 1 0
1 -2.7456193280685155 0.27704851414093246 1 0
1 -2.7456193169854517 0.2770484915289839 1 0
1 -2.745619305901137 0.2770484689144732 1 0
1 -2.7456192948155747 0.27704844629740655 1 0
1 -2.7456192837287676 0.27704842367779103 1 0
1 -2.7456192726407194 0.27704840105563244 1 0
1 -2.7456192615514325 0.2770483784309381 1 0
1 -2.7456192504609107 0.2770483558037149 1 0
1 -2.7456192393691574 0.27704833317396926 1 0
1 -2.7456192282761758 0.2770483105417074 1 0
1 -2.745619217181969 0.2770482879069365 1 0
1 -2.7456192060865403 0.2770482652696622 1 0
1 -2.7456191949898923 0.277048242629893 1 0
1 -2.745619183892029 0.2770482199876323 1 0
1 -2.745619172792953 0.2770481973428909 1 0
1 -2.745619161692668 0.2770481746956721 1 0
1 -2.7456191505911782 0.2770481520459833 1 0
1 -2.745619139488485 0.27704812939383117 1 0
1 -2.745619128384592 0.2770481067392221 1 0
1 -2.745619117279502 0.27704808408216275 1 0
1 -2.745619106173219 0.2770480614226585 1 0
1 -2.745619095065745 0.2770480387607164 1 0
1 -2.7456190839570844 0.27704801609634333 1 0
1 -2.7456190728472394 0.277047993429544 1 0
1 -2.745619061736214 0.27704797076032683 1 0
1 -2.74561905062401 0.27704794808869715 1 0
1 -2.7456190395106312 0.27704792541466117 1 0
1 -2.7456190283960797 0.2770479027382251 1 0
1 -2.7456190172803616 0.2770478800593963 1 0
1 -2.7456190061634764 0.2770478573781796 1 0
1 -2.745618995045429 0.27704783469458194 1 0
1 -2.745618983926222 0.2770478120086093 1 0
1 -2.7456189728058593 0.27704778932026874 1 0
1 -2.7456189616843427 0.2770477666295652 1 0
1 -2.745618950561676 0.277047743936506 1 0
1 -2.7456189394378616 0.27704772124109667 1 0
1 -2.7456189283129033 0.27704769854334343 1 0
1 -2.7456189171868024 0.27704767584325296 1 0
1 -2.7456189060595646 0.2770476531408317 1 0
1 -2.745618894931191 0.2770476304360838 1 0
1 -2.7456188838016846 0.2770476077290194 1 0
1 -2.7456188726710486 0.27704758501964166 1 0
1 -2.7456188615392865 0.2770475623079558 1 0
1 -2.745618850406401 0.2770475395939682 1 0
1 -2.7456188392723955 0.27704751687768514 1 0
1 -2.7456188281372715 0.27704749415911367 1 0
1 -2.7456188170010334 0.27704747143826003 1 0
1 -2.745618805863683 0.277047448715128 1 0
1 -2.7456187947252246 0.277047425989726 1 0
1 -2.7456187835856594 0.2770474032620587 1 0
1 -2.7456187724449923 0.2770473805321323 1 0
1 -2.745618761303224 0.2770473577999517 1 0
1 -2.7456187501603586 0.27704733506552515 1 0
1 -2.7456187390163986 0.2770473123288564 1 0
1 -2.745618727871347 0.2770472895899523 1 0
1 -2.7456187167252066 0.277047266848818 1 0
1 -2.74561870557798 0.27704724410546056 1 0
1 -2.7456186944296714 0.277047221359884 1 0
1 -2.7456186832802825 0.2770471986120959 1 0
1 -2.7456186721298157 0.2770471758621005 1 0
1 -2.7456186609782742 0.2770471531099057 1 0
1 -2.745618649825662 0.2770471303555151 1 0
1 -2.7456186386719805 0.27704710759893536 1 0
1 -2.7456186275172327 0.27704708484017293 1 0
1 -2.7456186163614222 0.277047062079232 1 0
1 -2.7456186052045504 0.2770470393161195 1 0
1 -2.745618594046621 0.27704701655084096 1 0
1 -2.7456185828876376 0.2770469937834008 1 0
1 -2.7456185717276016 0.2770469710138068 1 0
1 -2.7456185605665167 0.2770469482420632 1 0
1 -2.7456185494043845 0.27704692546817666 1 0
