(-8.000000012920875, -7.999999996108769)
(-8.000000003140741, -8.0000000024934)
(-8.000000000989258, -8.000000010125659)
(-8.000000005444644, -8.000000001903343)
(-8.000000005446413, -7.999999995022819)
(-8.000000007577592, -7.99999999568576)
(-7.999999994448682, -7.999999996091164)
(-7.999999993609653, -7.999999995601569)
(-8.000000004148921, -8.000000006130696)
(-7.9999999939377995, -8.000000002422471)
(-8.000000002354092, -8.000000008325397)
(-7.999999992003587, -8.000000004071536)
(-7.999999988300122, -7.999999996309764)
(-7.999999994543017, -7.999999989789946)
(-7.9999999977306375, -7.99999999886362)
(-7.999999997758693, -8.00000000139524)
(-8.000000000629692, -7.99999999565442)
(-7.9999999914326505, -8.000000006868385)
(-7.798826611130185, -7.999897720567205)
(-7.09270848420163, -8.039102086206007)
(-7.892590446688212, -8.889768237864656)
(-7.831918641087139, -8.212685058074408)
(-7.861684613916533, -8.580456133409186)
(-7.864085119452861, -8.592024772656755)
(-7.838991517845356, -8.454750425685184)
(-7.841065640594372, -9.233026862106133)
(-6.990821451631012, -8.629548023687056)
(-7.658618859188127, -8.49071953199091)
(-7.289942465557111, -8.568301290368092)
(-7.305794653439842, -8.565977688559146)
(-7.564564106456925, -8.511638532319479)
(-7.2869546084285, -8.56390689507119)
(-6.422243048490253, -8.563403514350357)
(-7.317907932820866, -8.524457140475896)
(-6.296523257539961, -8.542731742050831)
(-6.190202750706402, -8.543724757061854)
(-7.060146504039098, -8.532425545624047)
(-6.336619553494247, -8.540255030777303)
(-5.333706431927207, -8.540751865248438)
(-5.89234006084013, -8.535463139134775)
(-5.5826651527293265, -8.537856457855668)
(-5.566915254594407, -8.928121170170378)
(-5.829324965312165, -9.28231317290366)
(-5.747779255721701, -9.331763469453259)
(-4.712142582008044, -8.95022414014414)
(-4.785927566253086, -9.210857734146275)
(-4.749867677107418, -9.069195548076127)
(-4.7467571867884875, -9.065645593871697)
(-4.77620938675461, -9.174419014042162)
(-4.751912612595263, -9.075592382486589)
(-4.747391233298985, -9.067034876103104)
(-4.769829527341444, -9.150362595465072)
(-4.757459020981965, -9.10695370134274)
(-4.7569083372066725, -9.100650346924617)
(-4.767367863836332, -9.142260111239404)
(-4.758392561348913, -9.109703794972965)
(-4.757110312956902, -9.101843742710752)
(-4.764739358129912, -9.131571181494476)
(-4.761090142553478, -9.118226958890691)
(-4.3922999878816835, -9.113041462889976)
(-3.942013832717416, -9.126684747629076)
(-4.685633135315256, -9.120739328639981)
(-4.43699388985044, -9.113665289360132)
(-4.054513350134897, -9.122239326082775)
(-3.6589069197241546, -9.118431136956273)
(-3.6580286641777935, -9.11616508494393)
(-3.9845359264266094, -9.122509019113743)
(-3.6861933903132975, -9.118035916658762)
(-3.6611957506526793, -9.116355630223655)
(-3.14645802347777, -9.119711488167733)
(-3.392844822881718, -9.118648896027029)
(-3.4471743716649064, -9.118617775083335)
(-3.2006743683132375, -9.118627813836836)
(-3.3785196148427943, -9.11908491400436)
(-3.4381439119033113, -9.118828098696872)
(-3.260281112890853, -9.118330105029761)
(-2.7795566291822635, -9.117919042566992)
(-2.737047189834022, -9.117635398721411)
(-3.1664000247692927, -8.97489523809342)
(-2.812490920542228, -8.200077799201479)
(-2.7463037819365024, -8.982881905870194)
(-2.304878381849849, -8.99816465439572)
(-2.4913680292531284, -8.44698348461954)
(-2.567578157600987, -8.016094043551401)
(-2.3403452260700055, -7.938974132093617)
(-2.471981021232052, -7.497820196305993)
(-1.6890936744770164, -7.946250919965065)
(-1.4042531123863653, -7.9515705621334645)
(-1.5519042133810117, -7.943494051390468)
(-1.5782680135543368, -7.586749636827753)
(-1.3203652560358223, -7.121722314515732)
(-0.6315077370690875, -7.86901853466745)
(-1.4495515098390355, -7.626654009879851)
(-1.3740924793795248, -7.2450060797391975)
(-1.3982589354348929, -7.412733462040008)
(-1.0714497662195481, -7.482614086885023)
(-0.5207831476271757, -7.1583969845559325)
(-1.046091609789629, -7.033132440205943)
(-1.0924935566271565, -7.353938767411953)
(-0.6630070633091487, -7.23668687788051)
(-0.8614369484606896, -7.272527914604389)
(-0.9416804008505124, -7.3136083008943285)
(-0.701235734040035, -7.243754656929517)
(-0.8488997710244084, -7.271295719444639)
(-0.9289621214137935, -7.30748990063869)
(-0.7554800929867129, -7.259070682073908)
(-0.8387754260791644, -7.281034674325357)
(-0.8633503272117695, -6.93582119511216)
(-0.8260170777984628, -6.794678026613365)
(-0.32208025503517496, -7.297722437511445)
(-0.8132547230923626, -6.901940996117129)
(-0.795912970322747, -6.865478147912836)
(-0.8067080477011457, -6.786811964668012)
(-0.8030234304876336, -6.882292325605259)
(-0.7956674127352875, -6.855652664637661)
(-0.7994126039001914, -6.770858573349576)
(-0.800825049591349, -6.844089922969392)
(-0.8119032690372778, -6.815640310767875)
(-0.7240805674007849, -6.361762011482966)
(-0.7715923929249909, -6.220244517629677)
(-0.7853922235101314, -6.610895154802893)
(-0.7501694417217756, -5.387417604095517)
(-0.7518861597216622, -6.086080319305564)
(-0.7803456660453701, -6.495589279850585)
(-0.7651824190428681, -6.303465306586815)
(-0.7628146144135691, -6.2342578415259755)
(-0.7771343512581855, -6.3386459651385225)
(-0.7688873605751064, -5.392147319269017)
(-0.7621253500506492, -6.096397120255716)
(-0.7678078013688387, -5.619867470599685)
(-0.7655398837263028, -5.783239997858325)
(-0.7631749296869985, -5.933286824018168)
(-0.7681558290713486, -5.653987952998596)
(-0.7654599004087368, -5.774330309943597)
(-0.7632067870145711, -5.9084330802629115)
(-0.766527573131823, -5.101627815408939)
(-0.7649594901339049, -5.394154791250414)
(-0.7626464494416656, -5.381209907307168)
(-0.7701492606449408, -4.288958116438678)
(-0.7632269907019494, -5.286462588012147)
(-0.7643936614506119, -4.53773156490317)
(-0.7640341947298891, -4.326356142108047)
(-0.7646120124290492, -3.8958761157589947)
(-0.7653922230387203, -3.8032135308487987)
(-0.7627312706604763, -4.174582752444361)
(-0.7675734892339992, -3.02796129524333)
(-0.7644132090614445, -3.6696593550275356)
(-0.7672779960305997, -3.2634099383981825)
(-0.7664560907335316, -3.362914425370342)
(-0.7644662693863918, -3.2652064910356375)
(-0.7700084786182, -2.4414780891128474)
(-0.7646922283560291, -3.2801050016912927)
(-0.7644312250164107, -3.2704969360416705)
(-0.764649614267111, -3.276201374742801)
(-0.7645422415936418, -3.2750946553848603)
(-0.7646933542281021, -2.9929964555281092)
(-0.7667668605022354, -2.319967082062234)
(-0.7648973073119424, -2.283259868258258)
(-0.7634750467658104, -2.870803779214542)
(-0.7664837829017017, -1.8398113757735486)
(-0.7661785076949745, -2.0677854246845393)
(-0.7620518172413484, -2.5303231473845154)
(-0.7679372261995729, -1.9044432277105021)
(-0.7660121589405094, -2.056738514154571)
(-0.7618158071170388, -2.4534957874826104)
(-0.7665660586808687, -1.5135576054409874)
(-0.7654211934707121, -1.7237998570285944)
(-0.760987273183451, -1.9389577567907372)
(-0.7703152082985187, -0.675191642308489)
(-0.7639608743321857, -1.6069729578930085)
(-0.760704607316971, -1.8867090493007819)
(-0.7632252834953575, -1.7147364080007848)
(-0.7625491247903482, -1.7436897148811983)
(-0.760906920480924, -1.6317190421782921)
(-0.7656148896104854, -0.8172413652910911)
(-0.7608321399009216, -1.6322296417303055)
(-0.7607589402940065, -1.6426151980070753)
(-0.7621287692085662, -0.9820833111938208)
(-0.7618328186926192, -1.0995978958144796)
(-0.7595334305949722, -1.477231133016755)
(-0.7631717086618126, -0.9696386993332466)
(-0.7641042536636131, -0.19578851799203667)
(-0.7586535308814072, -1.1943114405972635)
(-0.7626051127893436, -0.667359892289836)
(-0.7635722136917623, -0.6433923779693468)
(-0.7581942054634484, -1.0529291544637351)
(-0.7632790005066235, -0.6915262557075034)
(-0.763681649262207, -0.6496915589601872)
(-0.7583893741719534, -0.9803246810776627)
(-0.7619415431653225, -0.7948049476446689)
(-0.7621189943201487, -0.3613268986443643)
(-0.7605690361136523, -0.2050027857386214)
(-0.7603295471330735, -0.6786518699236335)
(-0.7651787727964474, 0.4971952097210255)
(-0.7604036980289488, -0.03818343458253056)
(-0.763611197845924, 0.25697209957763784)
(-0.7634300626004867, 0.24139062268537334)
(-0.7605313163181834, 0.04942506757925654)
(-0.7639430433146954, 0.3015657658585056)
(-0.7657439148151074, 1.140528909190279)
(-0.7613583236818424, 1.075924574016279)
(-0.764113476666026, 1.1121716864135647)
(-0.7638500688902905, 1.1125194335402449)
(-0.762005483913925, 1.2975127703717786)
(-0.7662227015935703, 2.0066442168558583)
(-0.7624722626553483, 1.214905267225856)
(-1.5514013303634342, 1.2667484215866138)
(-1.0902454591205164, 1.2430965908706053)
(-1.4921914630813098, 1.2385358726140139)
(-2.4013490038719545, 1.2572702219820144)
(-2.0971476058705143, 1.244641860955781)
(-1.5657195865743594, 1.240702577234618)
(-2.21591207011494, 1.2521458626049733)
(-1.8856183761457117, 1.8431466160534868)
(-1.8403213115132855, 1.8286003530674284)
(-2.13379298675687, 1.3959159436668642)
(-1.902903905283298, 1.8142261872051062)
(-1.8478006982752424, 1.8260271765589353)
(-2.0695636098611203, 1.4944345231514942)
(-1.949857438557821, 1.6648532585560631)
(-2.3190276770401037, 1.6910642544782355)
(-2.8512751543346484, 1.7110434742173384)
(-2.0338465236752192, 2.5715016462032243)
(-2.279982717070311, 1.810546393174583)
(-2.738304477195314, 1.7163930289924392)
(-2.473017719769893, 1.775617557664615)
(-2.4785441009882176, 1.7718919829450077)
(-2.6782951524425145, 1.7286898351540922)
(-2.488388460199389, 1.7727849451351079)
(-2.4797264344650403, 1.7719672990503372)
(-2.6343944693697177, 1.7384888958857854)
(-2.554759854566467, 2.356454338441509)
(-2.926945315968409, 2.345966740396296)
(-3.439475324839797, 2.0369155783989257)
(-2.6443209426109098, 2.875163275921856)
(-3.019880067886812, 2.93728825746975)
(-2.455494417373916, 2.2742082938786936)
(-2.8156409510781293, 2.62198066920993)
(-3.1773284452922015, 2.666732440944064)
(-3.3294123377654072, 2.545363604543658)
(-2.8963220409933887, 2.9122244944141142)
(-3.1499159429774397, 2.7512898845786236)
(-4.087891437946362, 2.5690959601612082)
(-4.198489791525144, 2.674044381430687)
(-4.126984589030219, 2.6730770463864015)
(-4.272950410506229, 2.593402445315721)
(-5.10248760936408, 2.639302849618568)
(-4.255826451395125, 1.7977414432731023)
(-4.997854514943287, 2.3754851200723626)
(-4.64635078920878, 2.105411970009287)
(-4.581750591433049, 2.052529604196605)
(-4.91762722238331, 2.311657418858999)
(-4.666235601941081, 2.120100827877236)
(-4.59166944839079, 2.0609396196338126)
(-4.84613899812223, 1.4776619552181103)
(-4.130887812452318, 1.7722220422209596)
(-4.073907829233408, 1.83384603772259)
(-4.8391549995845216, 1.5399959538153982)
(-5.103781619227296, 1.7574474034904768)
(-5.078157067440766, 1.8241992805713372)
(-4.895075910401199, 1.6122781359023797)
(-5.562597672685817, 1.7062606436579861)
(-5.975410892639781, 1.7385238464535382)
(-5.84009531674189, 1.6361699514594974)
(-5.590889907105373, 1.7036724945026265)
(-5.923938075279979, 1.7330109507387075)
(-5.866634091195624, 1.6609442667358594)
(-5.893225924704286, 1.6954241940789125)
(-5.8990808298815205, 1.7034662189192464)
(-5.87287679729778, 1.6690951746037628)
(-5.891888163339464, 1.6938137617525748)
(-5.898232672319208, 1.7021723236401267)
(-5.878978431170969, 1.6775100226756523)
(-5.888955387605017, 1.6895523423639882)
(-5.891158537771456, 2.044180616817156)
(-5.883095504877519, 2.477535041411828)
(-5.886638216656372, 1.7595590396096938)
(-5.8911218793785, 2.0096911607076726)
(-6.6516268179947176, 2.3701845087554294)
(-6.252388965485981, 2.1823204809854633)
(-5.815449169847311, 2.1629217924129365)
(-5.852656375652885, 2.333373523879609)
(-7.077112509623683, 2.1902014604913425)
(-5.158823493594186, 2.1719895252359334)
(-5.608972804167083, 1.5524022047760746)
(-5.431172442535056, 1.8268984657617253)
(-5.629602616286792, 1.9489477342851846)
(-6.404122925478846, 1.6101737936299392)
(-5.5253610567137095, 1.8139844032252765)
(-6.460517912359197, 1.9258289261274941)
(-6.44480765469125, 1.6946099312195342)
(-6.4405652654081305, 1.7982477972658368)
(-6.454316337349319, 2.1969397061484597)
(-6.446384432523088, 2.5433523885412574)
(-6.445752986662528, 1.8647570961529647)
(-7.29782546532225, 2.1460541121390433)
(-6.015676187619559, 2.44323999788616)
(-5.945856463754394, 2.325142238913935)
(-6.189769425575609, 1.9404274031256186)
(-6.018286228419712, 1.4632317733029212)
(-5.9536705713109015, 1.3439887423729593)
(-6.156426429039366, 1.8520707168091421)
(-6.011162723238389, 1.4975095664454074)
(-6.568986331840247, 1.6121077822886263)
(-6.813896063494094, 2.0219862485106113)
(-6.104959590664176, 2.4721015544799667)
(-6.523437025259517, 2.5938458442484085)
(-6.767112393367828, 2.121041562595108)
(-6.602703813502898, 2.4328058286202254)
(-6.662645157974647, 2.332965355790727)
(-6.716844867708672, 1.9449318383504006)
(-6.614211736088732, 1.5643607178010723)
(-6.661420313878051, 2.2648332656529964)
(-7.535659186414954, 2.0011670237120227)
(-6.963812260075171, 2.1723031728391873)
(-7.161818105310205, 2.117015011567554)
(-7.633336605888818, 2.0539142291906947)
(-7.878574640515836, 2.159952509196173)
(-7.235654895310463, 2.1223931427068536)
(-8.367985522358621, 2.0644446385354724)
(-8.338687352005918, 2.100901216355425)
(-7.797558055205615, 2.0938957162897855)
(-7.637655113190236, 2.0771840146088447)
(-8.214475100506224, 2.097202413426845)
(-6.959907957809193, 2.0971626295548282)
(-6.6819300597751905, 2.081728065696403)
(-6.8581951529999285, 2.0903525111967434)
(-6.390745090353233, 2.0902838999471585)
(-5.770279436704819, 2.0866119167321067)
(-5.884505568340215, 2.08998428243278)
(-6.340067209970632, 2.0890473965139877)
(-5.082540605664652, 2.0898045564432715)
(-5.860438909571145, 2.088223175321109)
(-6.178624841370283, 2.087571989067478)
(-5.789789333020209, 2.089749480293502)
(-4.947172961679548, 2.09082343880616)
(-5.156575705993625, 2.087459650958115)
(-4.853053534573141, 2.0900114699299457)
(-5.053088305986171, 2.088002604210355)
(-5.4777628478832066, 2.087759964214499)
(-5.454230356316486, 2.08851931818865)
(-4.215911054741816, 2.0918282062330595)
(-5.327635942619922, 2.0856801708627635)
(-4.630087204352149, 2.0893226593470113)
(-5.04090965839846, 2.0866482632160115)
(-4.582775779395293, 2.087004580575265)
(-4.013446891872044, 2.091380177031656)
(-4.885344730684714, 2.084463643998933)
(-3.7238489111924693, 2.0895956666454274)
(-3.945962277423008, 2.0906562879553774)
(-4.483606715261636, 2.0890799689444974)
(-4.348546251674686, 2.089736784283096)
(-4.06094777155194, 2.0915831059868175)
(-4.445772644465984, 2.088231896960972)
(-4.359202309229968, 2.089757595176174)
(-4.120157216132646, 2.091723947931699)
(-4.863803372321542, 2.0894711403029818)
(-4.793350691386328, 2.089269441802239)
(-4.306118783575284, 2.0931453620600107)
(-4.85866868956297, 2.0883047066596236)
(-5.6894160420938755, 2.087226846435926)
(-4.60729950967048, 2.094175036326533)
(-4.5866013404183965, 2.0901593594963788)
(-5.104862134481508, 2.089452593075174)
(-5.571565429998918, 2.0914753392267698)
(-5.596963050760775, 2.090168412050212)
(-6.048880236242065, 2.088471191990321)
(-5.664235823943516, 2.0916686086540093)
(-5.880752590097474, 2.0896069889854028)
(-5.4721093985208515, 2.08974972134316)
(-4.961184666752417, 2.093466247635295)
(-5.768572960569347, 2.0875790059538732)
(-4.634673077239144, 2.092124187679527)
(-4.864072030445449, 2.09275885476194)
(-4.151371549765255, 2.0932331088883043)
(-4.142753428764362, 2.0935646012839677)
(-4.859159331502045, 2.0906864463418042)
(-5.125565410466549, 2.092260527624217)
(-5.140976270846526, 2.0933575973903267)
(-4.171859448982336, 2.093396823787899)
(-4.64217543022502, 2.092655017494971)
(-5.12244256156071, 2.0914747109256058)
(-5.100017781180158, 2.0930956397030474)
(-4.675556674097984, 2.093778154277757)
(-4.1955998011736755, 2.0928927907863866)
(-5.564042610649044, 2.0903955494348354)
(-4.528811575550872, 2.092006530620205)
(-4.069925903594034, 2.0960214679703064)
(-5.309772293934059, 2.0867158565665553)
(-4.601847313082445, 2.0933241253112045)
(-5.011214859485163, 2.09482601692682)
(-6.016002678650697, 2.086449621336331)
(-4.981176786786697, 2.0917737527176192)
(-5.0486670027143905, 2.094821065222606)
(-6.548560663473695, 2.0822926232836165)
(-5.119571639339897, 2.094692794689543)
(-5.054759451506538, 2.0952583919476835)
(-6.208117212015659, 2.0828565217695907)
(-6.216197904199861, 2.0891382851785343)
(-6.488560181315805, 2.090598195793143)
(-6.851193162498539, 2.0824944897240756)
(-5.392262658478631, 2.0928247333772636)
(-6.345741723975624, 2.0887503388221704)
(-6.75155672555966, 2.0832427880018414)
(-6.544168915786467, 2.0861337690331125)
(-6.866852948575203, 2.086690701902466)
(-7.664006122275488, 2.081142029676976)
(-7.545711181375163, 2.0859839351465075)
(-6.959546989444674, 2.087923848329894)
(-6.716410863700442, 2.0833017270670635)
(-6.2435489647674745, 2.086052124120852)
(-5.893699047990133, 2.087428880322339)
(-5.802458023121974, 2.0844708900131113)
(-6.187852250393282, 2.0848653873489345)
(-5.0769272364095155, 2.089732392456194)
(-5.588380082053323, 2.0847599675709736)
(-5.3655568077907025, 2.0871992813639637)
(-4.9029695553715875, 2.089032917960332)
(-4.7254182359309755, 2.0863567437738735)
(-5.3053981983342, 2.0856222317257123)
(-4.954028400426348, 2.0894606919237804)
(-4.769601153441479, 2.087567117976699)
(-4.8676661008365985, 2.0882126815580824)
(-4.881171175464093, 2.0884334364657016)
(-4.789793696668787, 2.088033925641205)
(-4.861683215611243, 2.088031530251982)
(-4.878668095055708, 2.088333610205567)
(-5.586069965470867, 2.086627275267134)
(-4.669481299763344, 2.08892537198486)
(-4.802842467359342, 2.0901214043840035)
(-6.19635960914155, 2.082086309381209)
(-4.80813864529957, 2.091705323440976)
(-3.9345890229242624, 2.0924986939326957)
(-5.5413628964460875, 2.081713057584417)
(-4.463723263277224, 2.0863907168236002)
(-3.8773543853222714, 2.092962942605009)
(-5.143525249863835, 2.0786119355844135)
(-3.6144679936419046, 2.089700125222294)
(-2.975679439156973, 2.094093567277339)
(-5.224803062351162, 2.077528171020824)
(-3.9407087738113087, 2.0867364424580703)
(-3.424486663300822, 2.0937056812407446)
(-5.702851687687011, 2.072003111410236)
(-4.107296235625702, 2.0892640046912394)
(-3.5053714662950313, 2.094852095337077)
(-5.086965087096592, 2.0748214116973274)
(-4.456324824634015, 2.084363440207326)
(-4.0573155809588135, 2.0904350321138288)
(-4.924245369293785, 2.0744467706870666)
(-4.489915832453902, 2.084678695305594)
(-4.113932306684762, 2.090515931321019)
(-4.714765373359747, 2.077711470503701)
(-4.420030075377541, 2.0841225089045947)
(-4.368893978237744, 2.0861650228833266)
(-4.5400454155024565, 2.0781561046625185)
(-3.5301773311378217, 2.0865538570378273)
(-4.251518808079223, 2.0846897180142245)
(-4.490359309198526, 2.0791507802669886)
(-4.358938926178302, 2.0822525947029447)
(-4.34779339081733, 2.0828308735421457)
(-4.461133015396389, 2.0794802047856553)
(-4.366478795342002, 2.0823182764272428)
(-4.35011359979313, 2.0828032934594343)
(-3.6854720281486086, 2.0817435613184214)
(-4.538742703018831, 2.0811915245194106)
(-4.711392600910138, 2.0797892328788925)
(-3.98944118218387, 2.084454841725205)
(-5.386363602681042, 2.077949849980338)
(-4.815363927816896, 2.080755209066167)
(-4.174627576855398, 2.0849667209832674)
(-4.4744857260272, 2.0824306384064237)
(-4.568183532139393, 2.0812711860245883)
(-4.226825501727225, 2.085576690335129)
(-4.4465393157794475, 2.0821321068738117)
(-3.6951903222063773, 2.083162526891927)
(-4.07476353982616, 2.084287906966697)
(-3.915759217804334, 2.084010123781511)
(-4.159952624098167, 2.084038039348379)
(-4.887529617221932, 2.081648593230637)
(-4.004433365057779, 2.0860389445833976)
(-4.134721801274188, 2.0841361326024703)
(-3.9473685883814915, 2.0825647046211406)
(-4.0297418535246505, 2.083121799700105)
(-4.391022586279976, 2.0829889940276165)
(-4.7023189456266845, 2.0811215111022054)
(-3.1892680596552485, 2.0868903634508174)
(-3.3501632317034518, 2.083364605264298)
(-3.6218803271103694, 2.0810046654437193)
(-2.986231290067012, 2.082789379642932)
(-2.7955113055772514, 2.0845925592924184)
(-3.5091555852189034, 2.1879350824133525)
(-3.0395442050514725, 2.893461900271021)
(-2.8343429707791636, 2.1909611834747325)
(-2.5930172389505723, 2.1682709005970344)
(-2.1478172319113464, 2.1900749712048517)
(-2.0970114228950587, 2.514452477839531)
(-2.5383942972039324, 2.9121921830082638)
(-2.3256250445080298, 2.9362855468344575)
(-2.079646208717026, 2.9567816258981403)
(-2.1615534047316682, 2.230627963032964)
(-2.2698463903688064, 1.9890631929418685)
(-2.42810926567129, 2.0433807124068646)
(-3.038000547854328, 2.1917563618494347)
(-2.3394905986517878, 2.010059368844774)
(-2.4133995661598036, 2.0371266127990495)
(-2.3640420171628587, 2.7329579765901357)
(-2.3881513163855987, 2.9115542180265965)
(-2.7472451199579004, 2.8469923272951827)
(-3.2222543670276864, 2.6696644270786467)
(-2.4683238958705824, 1.986003930301275)
(-2.710029549773418, 2.847075431435442)
(-2.5589099730503886, 2.360301678209619)
(-3.095037004021663, 2.444594064262477)
(-3.353632255274548, 2.9126769767986733)
(-2.6859190628429963, 2.939410297564187)
(-2.1492259369195574, 2.491174722321814)
(-3.9926434859432507, 2.8385513485577234)
(-3.479232370002021, 2.614685166314505)
(-3.084517910586534, 2.6846609708429034)
(-3.416144874743107, 2.7641442232765256)
(-4.369250576732675, 2.626053049290797)
(-4.1062295854482045, 2.6808631500154867)
(-3.5228291581269073, 2.7515591218788535)
(-3.196829310881402, 2.704055895468976)
(-3.85567718295019, 2.7182653366733116)
(-4.383528432244688, 2.7333106028607106)
(-4.182657683104959, 2.6193135775491982)
(-3.887602914804955, 1.8085014130384205)
(-4.303874835063199, 2.5786144199057417)
(-4.016185613816603, 2.0584038682227326)
(-4.119001756421476, 1.7026564406903335)
(-4.208794655905704, 1.728165066391177)
(-4.037236341226855, 2.006863504237585)
(-4.111659873777471, 1.7287142505745476)
(-4.1940084198935565, 1.727169791741914)
(-4.137568923966747, 1.7286545770884643)
(-4.157796545786151, 1.7279382175112679)
(-4.172846970737163, 1.7275989183335922)
(-4.14149896657485, 1.7286260363378225)
(-4.156502602837005, 1.7279559896042158)
(-4.170443717283006, 1.7276171308620614)
(-4.16080627074673, 1.7278702474437821)
(-4.1646728508569195, 1.7277713673365112)
(-4.167015815689983, 1.7276865309026388)
(-4.161515536524808, 1.7278679256522205)
(-4.164374772696664, 1.727772922690013)
(-4.166654171463545, 1.7276929568391535)
(-4.893756407784296, 1.7262935206378016)
(-4.646601623380531, 1.7273367888123274)
(-4.669296031772551, 1.7285457281835532)
(-5.710010507546769, 1.7231027896938567)
(-4.750293581263768, 1.7291519486533407)
(-4.676115650167052, 1.728937803372766)
(-4.729196345409073, 1.728901096304575)
(-4.709006154253219, 1.728992719605048)
(-4.9722414145980895, 1.7288475940643064)
(-5.583254935054918, 1.7269221524969176)
(-4.799815342168602, 1.7307241458278197)
(-5.787055205096019, 1.7269890099137473)
(-5.111345483352363, 1.7304831684996957)
(-5.329461101428059, 1.7295183548015587)
(-5.577341578922081, 1.726710888031111)
(-5.155723995029026, 1.7315145756411352)
(-5.312867993761268, 1.7293084308810498)
(-5.533335508596437, 1.726688786241346)
(-5.38090372517017, 1.7287251445341818)
(-5.433155692185248, 1.7280600772807961)
(-5.4800562714110574, 1.727095020611792)
(-5.392250215517788, 1.7288284319842475)
(-5.429624389675934, 1.72802863765811)
(-5.472674164652393, 1.7271384327417076)
(-5.4434717907981245, 1.727786586605368)
(-5.453195542478585, 1.727586547697744)
(-5.462242011989181, 1.7272971809994915)
(-5.445315381858418, 1.7278002002477004)
(-5.454055782858087, 1.7276920809340048)
(-6.297382633414545, 1.726660129248852)
(-5.746804820010468, 1.7279065810469014)
(-5.92679356806486, 1.7277494809683065)
(-6.127471332824535, 1.7258701090297257)
(-5.86013147024757, 1.7287893709915134)
(-6.8226613495090085, 1.7254914105320727)
(-6.238359466878991, 1.727030135613995)
(-7.270240888264891, 1.724241268139347)
(-7.00898244990201, 1.7247628698996587)
(-6.590319470662305, 1.728352621573474)
(-7.2061383771863605, 1.7226353166029145)
(-7.027623794475807, 1.7249743649419298)
(-6.658944467916655, 1.7286617942861568)
(-6.90905592149839, 1.7257172193895196)
(-6.820177692764366, 1.726740357006244)
(-6.739633088035882, 1.728207405798018)
(-6.890894662951854, 1.7254976094025871)
(-6.8290460533533865, 1.7268001599926526)
(-7.595143318201973, 1.726141564050446)
(-7.080400402973166, 1.7274691012503494)
(-7.2366468042722065, 1.7271223635696658)
(-7.431794395070022, 1.7254522319203418)
(-7.1805360537068195, 1.7281414829468387)
(-8.131162921719977, 1.7248377084325333)
(-7.5553172427777255, 1.7264774530357845)
(-7.947239049877594, 1.7247710921028323)
(-7.834728771635922, 1.7252441901838351)
(-7.683122637022728, 1.7267513295315062)
(-7.924548610482884, 1.7241921715966457)
(-7.843694761790191, 1.7253407558786693)
(-7.708326887849305, 1.7268181571289598)
(-8.47214549273661, 1.7246515019078759)
(-8.260137528889173, 1.725323974974402)
(-8.193687034114372, 1.7277053808271925)
(-9.309573981588025, 1.7214214102203305)
(-8.377852420187136, 1.7272232453886907)
(-8.216065091112219, 1.7281104138663883)
(-8.324838739680805, 1.7274648168220188)
(-8.29104542596367, 1.7275806524257145)
(-8.520169280757441, 1.728127553816976)
(-9.187190520474275, 1.7253322920341172)
(-8.382275564029268, 1.7293838893801405)
(-9.342636165178485, 1.7262063592460224)
(-8.720671860369453, 1.7295029378455797)
(-8.888289835489612, 1.7286996842047346)
(-9.141750262789198, 1.7259149153853917)
(-8.762910561009589, 1.7303766275019186)
(-8.877820500957998, 1.7285860146554692)
(-9.096212368088063, 1.7259172052124356)
(-8.957908548819757, 1.727833536981714)
(-9.000404707193136, 1.7272869367772723)
(-9.049811837248484, 1.7262478209690286)
(-8.967645873752451, 1.7279376665896402)
(-8.997582736825397, 1.727266558628789)
(-9.041546210124025, 1.7263212070680427)
(-9.013288163657815, 1.72696612472023)
(-9.020509658921451, 1.7268181253123132)
(-9.032574263184593, 1.7264543551821903)
(-9.015075306633836, 1.7269800671903675)
(-9.020032551291342, 1.726818427892552)
(-9.030281548858573, 1.7264994862519778)
(-9.023913769367564, 1.7267041988241907)
(-9.025369269495457, 1.7266686701131302)
(-9.028356144530369, 1.7265449912244433)
(-9.024308050419048, 1.7267040382492296)
(-9.025275757867364, 1.7266695020532095)
(-9.027858363263583, 1.726560045221157)
(-9.02617596940518, 1.726633167743327)
(-9.026664769348656, 1.7266157807036628)
(-9.027388710108001, 1.7265765205338455)
(-9.026287071431916, 1.7266319430942865)
(-9.026627560135399, 1.726616609697084)
(-9.02726782412255, 1.726582439065118)
(-9.026861998362977, 1.7266048455445846)
(-9.026943917436876, 1.726601067472507)
(-9.027154253569291, 1.7265873288390725)
(-9.026886205454185, 1.7266045616789685)
(-9.026938643686421, 1.7266011927295202)
(-9.027116702067861, 1.7265892000938476)
(-9.027002614009955, 1.7265967880818713)
(-9.02702649640772, 1.7265955102758443)
(-9.027079737303144, 1.7265912863194577)
(-9.027009219679854, 1.7265968226169026)
(-9.027024481010114, 1.7265960214795386)
(-9.02706936243125, 1.7265918774157596)
(-9.027041885456082, 1.7265943433648392)
(-9.027046825652791, 1.7265941239019726)
(-9.027061569356489, 1.7265924789636988)
(-9.027043947574663, 1.72659394696125)
(-9.027046850006391, 1.7265939587419927)
(-9.027059804364221, 1.7265922182247226)
(-9.027052022658323, 1.7265933048845412)
(-9.027053516152522, 1.7265930085549515)
(-9.027057534561807, 1.7265921976638416)
(-9.027052405379239, 1.7265929750794966)
(-9.027053693426772, 1.7265929898788508)
(-9.02705691092257, 1.7265921293786268)
(-9.02705496207671, 1.7265926833601173)
(-9.02705519821061, 1.7265925383039957)
(-9.027056169810674, 1.7265922017981126)
(-9.027054892683722, 1.7265929736115238)
(-9.027054809748115, 1.7265930072916047)
(-9.02705555006116, 1.7265921479190176)
(-9.027055115807405, 1.726592647829)
(-9.027055235710524, 1.7265925596130036)
(-9.027055539674667, 1.7265921963201984)
(-9.027054842708267, 1.7265929663368687)
(-9.027054784824164, 1.7265929998760872)
(-9.02705551930645, 1.7265921798029686)
(-9.027055107451854, 1.7265926468464678)
(-9.02705521963648, 1.7265925460794969)
(-9.027055544394246, 1.7265921795210408)
(-9.027054847749254, 1.7265929629236634)
(-9.027054788588526, 1.7265930112250696)
(-9.027055547784293, 1.7265921787182161)
(-9.027055120373465, 1.7265926106696032)
(-9.027055186280405, 1.726592551736217)
(-9.027055571454422, 1.726592140402833)
(-9.027054853673391, 1.7265929470090053)
(-9.027054800681476, 1.7265930093237642)
(-9.027055556109785, 1.7265921725795954)
(-9.027055118537678, 1.7265926458999303)
(-9.027055223587526, 1.7265925523086152)
(-9.02705553562586, 1.7265921682544183)
(-9.027054834327597, 1.7265929746332458)
(-9.027054798216367, 1.726593014805599)
(-3.778267157811595, 1.6488933409916613)
(-7.140861467403812, 1.701054021383492)
(-7.341969938768844, 1.6802483275762052)
(-4.5476204276717915, 1.6642358189507946)
(-6.8902945995593186, 1.694194636872648)
(-8.154293413502101, 1.6785648729637337)
(-5.6285495062004465, 2.4610897039391237)
(-6.345311087380412, 2.112281668907277)
(-7.2040126053410685, 1.9885043814072474)
(-5.8182544481825005, 2.402555474068329)
(-6.305470355538257, 2.133809355044898)
(-7.076650422001596, 2.0081112666261483)
(-6.170271946897139, 1.558738838671237)
(-5.991419672987689, 1.7530061136364414)
(-6.43614355999952, 1.8426829984568431)
(-7.101520767390026, 1.593501974911873)
(-7.004513919739695, 1.7398632642757537)
(-7.377769178960315, 1.8277702955404587)
(-7.181536403761864, 1.6593558502005044)
(-7.263872984559187, 1.7268426641708245)
(-7.30643767673546, 1.7672073082862163)
(-7.197811156829405, 1.673095892223061)
(-7.259118426976299, 1.7237659061837214)
(-7.300105301872491, 1.7609271535935516)
(-7.225816885640601, 1.698055898445698)
(-2.63504800563151, 0.5508355132864671)
(-7.883951246555547, 1.8945967120072944)
(-8.002586190562068, 1.6115377120168861)
(-3.487843126461638, 0.6085335289294116)
(-7.062982593960079, 1.8141180070744625)
(-5.775153206908119, 0.9979983260731206)
(-5.0561706007318366, 1.186873811693211)
(-6.563650454011534, 1.550403636059326)
(-5.768647601590188, 1.0482312133294394)
(-5.126637654534532, 1.1799231742864682)
(-6.2978539149651755, 1.4804549609563045)
(-6.235951455626257, 1.289445949807554)
(-6.221260608077353, 1.335585310596752)
(-6.554612279831613, 1.4199948597559275)
(-7.184922625580596, 1.2977156465867374)
(-7.216366925700527, 1.3331090309771163)
(-6.673624805889251, 2.225411146949727)
(-7.006960018985544, 1.6817807244562886)
